1732437229.406543 0.08058860898017883 0.018092673271894455 0.0030232213903218508 -7.975129737417322e-05 0.00025757113699199235 -9.938330049047572e-05 0.999999958709899
1732437229.439876 0.1600164612441219 -0.026931815462901854 0.01246299323369867 -6.60569068906375e-05 0.0003052696735090344 2.7706485389613975e-05 0.9999999508396298
1732437229.473210 0.21396719694571245 0.005634341332199748 0.0014354508913274142 -4.336958044428096e-05 0.00025955374745185897 -0.0003334136560620731 0.9999999097931288
1732437229.506543 0.3011347858469018 0.029304404074461842 0.005684323931403431 -9.769110691106562e-05 0.0003472996546348409 -0.00029716962217020507 0.9999998907648007
1732437229.539876 0.38363902511091347 -0.08196332311999092 0.014371886381940233 -0.00016182352235611522 0.0003446316272640444 4.947393546522595e-05 0.9999999262972566
1732437229.573210 0.5088231354568858 -0.07552063475900163 0.03515009895232998 -0.000316036154313756 0.0004044295761540471 -0.00020236695271021917 0.9999998478027301
1732437229.606543 0.5928907720892123 -0.07922254905728884 0.029970693339107356 -0.00030942439438343643 0.0003575047206556309 -0.0001212125697507049 0.9999998808772088
1732437229.639876 0.7017885354126432 -0.07029962638217989 0.03330151460169865 -0.0003832268975685322 0.00044861635211096396 -4.281359699620989e-05 0.9999998250237394
1732437229.673209 0.8086407945261694 -0.05830292839115002 0.035013826239570243 -0.00033087517280517496 0.0005265126653341765 -0.00017017157700133378 0.9999997921738123
1732437229.706543 0.9208099185885726 -0.05965543211976436 0.049757791712685115 -0.0004091566406902446 0.0006069883902631033 -0.00027437426632716716 0.999999694437303
1732437229.739876 1.0050270979402185 -0.07926556927242284 0.04325143336300564 -0.0002855467962742652 0.0005141466508936273 -0.00014008983478791382 0.9999998172455267
1732437229.773209 1.1500923475354847 -0.07133096376678795 0.045370642653441116 -0.0003346702469090298 0.000502308189009277 -0.0003129494268454295 0.999999768872456
1732437229.806543 1.273363081461759 -0.06091612279948677 0.047135063746434114 -0.0003886858274512954 0.0004983776140436154 -0.0004887352662990271 0.9999996808404096
1732437229.839876 1.423332668403753 -0.06963356873020025 0.05477533022840553 -0.0004963809237678266 0.0005378483520652638 -0.0005274618133740244 0.9999995930544991
1732437229.873209 1.576067430527802 -0.06466371074695891 0.05994109031810908 -0.0005508807336967068 0.0005319171029711844 -0.0004437076548577644 0.9999996083589882
1732437229.906543 1.7344710289996712 -0.059334959359379935 0.06617415919184338 -0.0006049914624399326 0.0004830179369963946 -0.0004648034939819472 0.9999995923182744
1732437229.939876 1.8904899426965773 -0.05706095937298332 0.05874573174074567 -0.0005446204513578837 0.0004176984502693347 -0.0004903847767108473 0.9999996442196064
1732437229.973209 2.034523952544609 -0.05245909143744577 0.05679538985527415 -0.0006719840831965561 0.0005109916518916832 -0.0006401430969412661 0.9999994387707121
1732437230.006542 2.192812256954547 -0.05513909481367809 0.06444829243598951 -0.000861039788783918 0.0004965845133866521 -0.0005628371756609911 0.9999993476140956
1732437230.039876 2.357884304123351 -0.05002908313609655 0.055283580210558014 -0.0008414075220847507 0.00043218102069831563 -0.0006474396939646276 0.9999993430371791
1732437230.073209 2.5291285556034686 -0.03851458472836571 0.05861688674014673 -0.0007875629047068834 0.0005556349839428605 -0.0007454420770131761 0.9999992576649972
1732437230.106542 2.703205148886561 -0.044272110365550024 0.06437032282687127 -0.0007257194804710067 0.0004851317316982672 -0.0005344030897095861 0.999999476195751
1732437230.139876 2.8977311929281573 -0.051128146264500754 0.07192190899318543 -0.0006445722281323431 0.0004973221635292494 -0.000449254195499814 0.9999995676838946
1732437230.173209 3.0901761250430355 -0.039497890281585304 0.07682960903410305 -0.0006172710058050428 0.00044499556918267685 -0.00034924948786031014 0.9999996494900606
1732437230.206542 3.291520831885905 -0.040266904987350714 0.07900688058127163 -0.0005859705003127457 0.00037814333235132116 7.087058297625034e-07 0.9999997568228157
1732437230.239876 3.477742931631339 -0.03270911521863422 0.07893763890734697 -0.00037639953278941493 0.0003481459941495847 2.7448592019644617e-05 0.9999998681821579
1732437230.273209 3.6840724137 -0.02668908228752943 0.09254481713248384 -0.00031294912302822116 0.00029134125215965955 0.0001432938407545459 0.999999898324993
1732437230.306542 3.9027055629076624 -0.026828126995269774 0.09393861539910071 -0.00034601233367980084 9.917057284667103e-05 0.00037699339041428993 0.9999998641583138
1732437230.339875 4.120592650964096 -0.025842266037666033 0.09374316376276845 -0.0003465763096421 -9.830054406523148e-05 0.0006900779829127565 0.9999996970070751
1732437230.373209 4.336957483986826 -0.021048512479864986 0.08857154617318691 -0.0003241074731565011 -0.0001258456730092785 0.0007084856015222795 0.9999996885826339
1732437230.406542 4.548957440852082 -0.030344468572695887 0.0887183675195923 -0.00037787987120717364 -0.00017233541335269444 0.000849138226596552 0.9999995532356903
1732437230.439875 4.7651738051215755 -0.02417880527432471 0.09670764226893712 -0.00034734283717774347 -0.0003203028477234169 0.0010962021256528732 0.9999992875497156
1732437230.473209 4.991548633703764 -0.02473964745641926 0.09422898175646917 -0.0001546780931112904 -0.0005415310553075212 0.0013845363405828443 0.9999988829383387
1732437230.506542 5.212742547988762 -0.028397762736836973 0.09712118325853585 1.950617644033318e-05 -0.0007102069323492067 0.001507309561168778 0.9999986116207908
1732437230.539875 5.433000730014518 0.0030608640851753285 0.11784414120410619 -4.283769148699078e-06 -0.0008846961922824505 0.001396770219406124 0.9999986331626912
1732437230.573209 5.65576321597656 -0.02169797323409109 0.14315921805829007 -0.0007135938387741175 -0.0017760915092497635 0.001874633906377312 0.9999964110088102
1732437230.606542 5.919524716196225 -0.0472134156559982 0.14580264863706546 -0.0009685744669882308 -0.003105194694746359 0.0020941398002128505 0.9999925170759564
1732437230.639875 6.166897495276199 -0.03473673395066934 0.118411599769312 -0.0009581252184024265 -0.00413843971611799 0.0016383161614460275 0.9999896355627578
1732437230.673208 6.393528886903901 -0.030843715625447146 0.11793479490958522 -0.000626365512717344 -0.004205257463567875 0.0018150518996795718 0.9999893144741653
1732437230.706542 6.630164181101179 -0.04141542129310521 0.122311531787134 -0.000188388077370907 -0.004343063383027541 0.0021207165507319387 0.99998830236743
1732437230.739875 6.874768289469543 -0.02244300468439824 0.1320545495810371 0.0002812813973003016 -0.00436500807141822 0.0022309465393828597 0.9999879451587655
1732437230.773208 7.125176002864272 -0.026274493163681058 0.12826761117335828 0.00013523428457286294 -0.0046156596109027705 0.002407797930726971 0.9999864398616459
1732437230.806542 7.373930419465989 -0.03944942300162548 0.12076704808347306 -0.00023825816366196184 -0.004658672259851628 0.002500289657812194 0.9999859941806434
1732437230.839875 7.604415335710481 -0.036908457502790516 0.11906325923552126 -0.0005067626026775051 -0.00460135915723523 0.002454417244612743 0.9999862731665671
1732437230.873208 7.8429103712326915 -0.03116770858474983 0.12869666087550444 -0.0005605414880510263 -0.004690924083799384 0.002430387329926694 0.9999858870213654
1732437230.906542 8.088432185661746 -0.031764616823327964 0.13377543141236492 -0.0003191762015483041 -0.00501831635323524 0.0025621526819823463 0.9999840748737778
1732437230.939875 8.342650426416256 -0.018828750496472653 0.13275786285069363 1.4078451659359779e-05 -0.005313288165043617 0.0027344053627974376 0.9999821457396049
1732437230.973208 8.607525756104172 -0.021955570543855406 0.133770982384215 1.216520929999391e-05 -0.00540207335243672 0.0030539580292389514 0.9999807452125556
1732437231.006541 8.830759487983993 -0.028962413551685433 0.14046519751230896 -0.00032766108208597065 -0.005533475804059522 0.0033976760466770894 0.9999788643172529
1732437231.039875 9.082618224428744 -0.051554276537318144 0.14961964748308174 -0.0007180641449071713 -0.006086832717174644 0.0036503729834614198 0.9999745544904822
1732437231.073208 9.344481495097554 -0.06032046290770601 0.14259513861796516 -0.0010327594994457212 -0.006647296789104543 0.00371132551070126 0.9999704860225462
1732437231.106541 9.58593920791665 -0.049487392326277135 0.12270549613749006 -0.001091841192873133 -0.006842639836844285 0.0035556151390701667 0.9999696714220164
1732437231.139875 9.809742511571326 -0.05597783325987417 0.11932539986057239 -0.0008992760521309359 -0.006703124642381153 0.0035631713296258635 0.9999707811894739
1732437231.173208 10.044331806524069 -0.055161100670271454 0.1388891435041782 -0.0006610624073477287 -0.006719384336540279 0.0034846463114460648 0.9999711346387533
1732437231.206541 10.284563141802728 -0.02384355653548069 0.13515968566527267 -0.0002999558067300596 -0.006704500289074635 0.003069168301559815 0.9999727695834144
1732437231.239875 10.543468245080936 -0.029770737009650463 0.14672905848530385 -0.00023236027643339612 -0.006484711130156462 0.003326678384167241 0.9999734135171738
1732437231.273208 10.788379166203201 -0.0318141261298775 0.15984633938013645 -0.0003562651123468951 -0.006438660181299673 0.0034737038985737474 0.9999731746959338
1732437231.306541 11.129243709086824 -0.038990035802505714 0.1620294485294177 -0.0005722740387832164 -0.006915075376020655 0.004082317517166367 0.9999675939342523
1732437231.339875 11.361220347947725 -0.027366157202239415 0.14598160260261128 -0.0005759246731997542 -0.006824217606871035 0.0036077296624588287 0.9999700408769793
1732437231.373208 11.598172960026172 -0.018001943280451134 0.16394009999360054 -0.0005493495818115916 -0.006107726979535877 0.0034838059847612478 0.9999751281817167
1732437231.406541 11.799560960177915 -0.010404156254784993 0.19134319133280567 -0.0007716578362354588 -0.0061506675470768225 0.0037473863923713577 0.9999737651199333
1732437231.439874 12.051471211746534 -0.03553283392134808 0.18093937558460005 -0.000825971109691461 -0.0067914982703019735 0.00403753238494292 0.9999684453297569
1732437231.473208 12.309707730944726 -0.03398639046714906 0.15968625808860887 -0.0009197262422899525 -0.006594883464338521 0.0038914910999099162 0.9999702585140972
1732437231.506541 12.553555618152853 -0.034940689950878366 0.1656576878847504 -0.0009952886707485452 -0.005062157711199261 0.003754305488715539 0.9999796443678571
1732437231.539874 12.71764279687759 -0.02309617074580075 0.19354971114033953 -0.0009323823915083211 -0.0041074411782072925 0.0035174725308794465 0.999984943375168
1732437231.573208 12.900384349479683 -0.019091181194108915 0.2237732978309322 -0.00063924768868192 -0.004258502335285972 0.003830462596868944 0.9999833919003589
1732437231.606541 13.140768379973116 -0.02528843014993601 0.2181758756361263 -0.0003189977030932757 -0.004878555116204645 0.003928341590150752 0.9999803328429988
1732437231.639874 13.362593603063056 -0.005738472535700655 0.20676089847897638 -0.00020385710094523128 -0.004865056828846676 0.003586193702635374 0.9999817142723468
1732437231.673208 13.58213509141935 0.0020997826141745824 0.21311248647988307 -0.00020260958492967918 -0.004380859709049801 0.0037049680629785693 0.9999835199788135
1732437231.706541 13.773763201116234 -0.0003823945155320028 0.22451366218924595 -0.0003356826489616452 -0.004223271375352992 0.0039552771682229496 0.9999832033982229
1732437231.739874 13.992440870818406 -0.01661092435307441 0.22815050697475076 -0.0003425707066315201 -0.0043309946807179815 0.004192568555605975 0.9999817735835453
1732437231.773207 14.20568220527087 0.0004683411219118319 0.23282825716963862 -0.00024051118056752879 -0.004372280128329025 0.00415036179394821 0.9999817997432907
1732437231.806541 14.497333771946955 0.0002120807007518159 0.23617937082964505 -0.00017070878527032117 -0.004304674030352714 0.004592417545719843 0.9999801749740286
1732437231.839874 14.714625628768982 -0.005881212862621641 0.2504115531232809 -0.00021764125425924953 -0.004323611949405311 0.00471890403884535 0.9999794952681118
1732437231.873207 14.91990652757586 0.004252684049593081 0.25374016155248513 -0.00012930088452080477 -0.0044097329640842035 0.004724101052722753 0.9999791099846589
1732437231.906541 15.128295229754373 0.01279271289959787 0.25684541595997756 -2.4264328047815688e-05 -0.004373215957921807 0.004633873764470727 0.9999797005976485
1732437231.939874 15.330344646099944 0.011104951723549186 0.27554567260344937 8.795424685256644e-05 -0.004336591510682965 0.004725142756462994 0.9999794294204511
1732437231.973207 15.535165529862441 0.006566118896291643 0.28540351608244424 0.0002536624108823918 -0.0045541841439743725 0.00484058840036114 0.9999778816384403
1732437232.006541 15.748104548003464 0.020414641748950413 0.299619811613562 0.00033655359324495383 -0.004862694387941253 0.004714050889888881 0.9999770090652964
1732437232.039874 15.968813445021235 0.03474902836250347 0.3017983220071768 0.00034681862461674736 -0.005111727072598458 0.004738648405957571 0.9999756472907035
1732437232.073207 16.174433605868405 0.03228442078543878 0.30234227995201046 0.0002885796822492873 -0.005178679235433357 0.004865364739547515 0.999974712794826
1732437232.106540 16.386689391697313 0.026963884552672915 0.3051556700882278 0.00013594718307751938 -0.005160772793553801 0.004984297235755446 0.9999742520303223
1732437232.139874 16.598487681790406 0.019591942255970524 0.3043047862702449 1.2160082968247736e-05 -0.00515096688618973 0.005022047128250973 0.9999741228826431
1732437232.173207 16.793284521983658 0.02553753739949961 0.3076793642019597 -2.29878860192227e-05 -0.00508024088344401 0.004930401537406939 0.999974940568414
1732437232.206540 16.994368376014386 0.017053929146751835 0.31197901197809486 1.4959314961260992e-05 -0.004892636472200278 0.004833751018910535 0.999976348088122
1732437232.239874 17.191645467088613 0.03145593580218839 0.31483540909296803 0.00012150971189615042 -0.0049147226659306984 0.004634788325891489 0.9999771744763383
1732437232.273207 17.407009879719947 0.03012678695172752 0.3309134761460295 0.00016863151870846478 -0.004819034217908907 0.0047277589935397135 0.9999771981237955
1732437232.306540 17.58869854694622 0.037706354691412286 0.32661237104112945 0.0001748582602060129 -0.0048568517319271965 0.0047338671220847174 0.999976985194116
1732437232.339874 17.79850432518129 0.022293918875111216 0.32715451748714036 0.00013039693774020942 -0.0047729018807913404 0.004894015903435988 0.9999766252331161
1732437232.373207 17.997311555113534 0.02520847768303411 0.33136791692917905 -5.1163342169375026e-05 -0.004722670156321087 0.004898361239882045 0.9999768496450658
1732437232.406540 18.199038289955237 0.0304076235317003 0.3313604303414447 -0.00015468666970128853 -0.00469763841522976 0.004990108001225541 0.9999765032676967
1732437232.439873 18.412429965698166 0.015579328615588634 0.3386002831177126 -0.000248813060349902 -0.004636382212298592 0.00517433543508288 0.9999758338604228
1732437232.473207 18.603945169131755 0.011300569745931124 0.3394090902705101 -0.0003852843722803024 -0.004603989326603451 0.005076406760957905 0.9999764421888299
1732437232.506540 18.81062245717356 0.010812886952089212 0.34539817162905795 -0.0004730297522239402 -0.004623179329162673 0.005033585535556305 0.9999765324608374
1732437232.539873 19.015948252766567 0.012653390739147678 0.35034744257287553 -0.00048446504934716216 -0.004665596538066494 0.005014377441066487 0.9999764264828639
1732437232.573207 19.236477667032155 0.005009124468597089 0.35807914062787016 -0.0006309607271131706 -0.0047672298331024494 0.0050212149588359485 0.9999758311122405
1732437232.606540 19.445268143378016 0.015397206607311257 0.35765187816165406 -0.0006552138135913004 -0.004795366119499105 0.005011000546200936 0.9999757322216197
1732437232.639873 19.64938645846708 0.0002788963000165002 0.3507234218836125 -0.0006344423103264736 -0.004817927689426556 0.005146208546813736 0.9999749504829244
1732437232.673207 19.861683165092828 0.00813108744904079 0.35670539064202283 -0.0006341591653944084 -0.004786437249944814 0.005082379487272287 0.999975428337793
1732437232.706540 20.089988967223647 -0.002834995632328651 0.3584691056805323 -0.0007409706212721132 -0.004840772125727016 0.005239399881334576 0.9999742829576411
1732437232.739873 20.31202045668325 0.002320656089984433 0.36227453209745736 -0.0006769979434920348 -0.004848644426976782 0.005334160605390458 0.999973789182317
1732437232.773206 20.529353454850913 -0.013340340576437317 0.35838547328044623 -0.0007793080311541494 -0.004805061277155864 0.005577457281776778 0.999972597642248
1732437232.806540 20.75232283716499 -0.014345463579425925 0.3659839441078616 -0.0009024480106346578 -0.004792541169502928 0.005723437693887692 0.9999717292992292
1732437232.839873 20.969035870029042 -0.029065248383725782 0.3637260238101775 -0.0010525017581688955 -0.00496834935101966 0.005930509458953918 0.9999695179365882
1732437232.873206 21.195876501595105 -0.03067316801486393 0.36807032413673996 -0.0011810170275104884 -0.005056485215884413 0.005965980231223612 0.9999687216287931
1732437232.906540 21.427243190181862 -0.03846275380902582 0.3684349498093963 -0.0012382788219227386 -0.005176941715470863 0.006065610466476465 0.9999674366246647
1732437232.939873 21.646923500276404 -0.04360354759173567 0.36453679971342284 -0.0011762565889713195 -0.00522467650831671 0.00603658861975422 0.9999674388567141
1732437232.973206 21.874389375834173 -0.03841246586790036 0.36494428819331237 -0.0011168269241996003 -0.00521527703886951 0.005985914092895755 0.9999678606912833
1732437233.006540 22.09693903328995 -0.028767449824413788 0.3695115123076473 -0.0010361304652199775 -0.005079539362713947 0.005967907711105972 0.9999687539073775
1732437233.039873 22.318547583148153 -0.033591816187740015 0.37065903048801646 -0.0010831850372121216 -0.005092538930891202 0.006157826189891762 0.9999674864384479
1732437233.073206 22.6328184445602 -0.028749779401078472 0.378367170883616 -0.0012197581170564089 -0.005168982575053055 0.006537616547072146 0.9999645260603789
1732437233.106539 22.862769257014982 -0.019917082670821724 0.3666060387393235 -0.0011279997509650768 -0.00515142452600091 0.006638711198143054 0.9999640583318694
1732437233.139873 23.106190688981204 -0.038633629138853584 0.36919475197324236 -0.0011014974213139324 -0.00500705504185483 0.006835210341257292 0.9999634973351925
1732437233.173206 23.331309818010045 -0.02267878586033429 0.37244480777241784 -0.0011157454769484226 -0.004724766460585431 0.006670498597364413 0.9999659674920872
1732437233.206539 23.554804993896063 -0.028803269412797004 0.38482842004266493 -0.0015442840225375653 -0.004559205533814548 0.007017213887372879 0.9999637931150392
1732437233.239873 23.80056807465321 -0.052386516097231675 0.3851834856668098 -0.001746237094548414 -0.004884345001347501 0.007372571117937511 0.9999593686870624
1732437233.273206 24.046698839598427 -0.03581187198794397 0.3756322374407038 -0.0015624570668725391 -0.005074818146507173 0.006984343118817921 0.9999615112092528
1732437233.306539 24.273817652962602 -0.022155674397506493 0.38246357075488296 -0.0016156831067329024 -0.004921482549341653 0.007254208252077247 0.9999602717309577
1732437233.339873 24.48771363392504 -0.01902531618904613 0.39585870084294816 -0.001545474830414242 -0.00510372809931773 0.007607951015631793 0.9999568403428122
1732437233.373206 24.736136504154878 -0.026109019553094723 0.393156520507171 -0.0014338529189428732 -0.005497350252122789 0.007733367974682594 0.9999539580529598
1732437233.406539 24.980418870463748 -0.024843884477089833 0.37835608603539855 -0.0017124793716322415 -0.005597495071473413 0.007529017289294488 0.9999545236469427
1732437233.439873 25.217288271918772 -0.02546076724687501 0.37600386985757905 -0.001824472895336982 -0.0053036000564491035 0.007707839637288173 0.999954565134447
1732437233.473206 25.448102474677434 -0.028566654615395103 0.3784421483111283 -0.001857075044061274 -0.005253209150847677 0.0079420798427564 0.999952938109424
1732437233.506539 25.68569764602117 -0.028425672226946447 0.38068236499087466 -0.00172459585725748 -0.005259783914124181 0.008161757566588107 0.9999513718955187
1732437233.539872 25.914117453698818 -0.01198074021433455 0.37853591149591176 -0.0017025164372734582 -0.005211953654450362 0.008309868756511773 0.9999504403009853
1732437233.573206 26.141622195633627 -0.015697161270561012 0.3834291264778657 -0.0017193844064452802 -0.005136238276879334 0.008589784940168592 0.9999484378548263
1732437233.606539 26.386896067429728 -0.014627546512081716 0.38597538014107147 -0.0018677526767390538 -0.005186449460330808 0.008752986305187253 0.9999464973050685
1732437233.639872 26.63521630901765 -0.014615619802215544 0.3876538634465626 -0.0018932317410586125 -0.005165742990849859 0.008951259731088776 0.9999448013376308
1732437233.673206 26.869749990047332 -0.01910038750322827 0.38917768111429724 -0.0018053772031903135 -0.005184510226627461 0.009188707010068629 0.9999427129242692
1732437233.706539 27.09515595116171 -0.010402237268896046 0.3929031535625838 -0.0015985751991945247 -0.0053285048082538184 0.009333829580887175 0.9999409638669655
1732437233.739872 27.329307522712117 0.0014680272249587272 0.3969668321213564 -0.0014874447188113374 -0.005661455702389035 0.009505360560885134 0.9999376898327944
1732437233.773206 27.582299797552942 0.007119418804406867 0.39403021891560014 -0.0015562109756153209 -0.005991267739282916 0.009684927570881243 0.9999339403661736
1732437233.806539 27.82104002450921 0.011203552324935626 0.3861451016208786 -0.001766523873855343 -0.006075300481351567 0.009913673585918107 0.9999308422053478
1732437233.839872 28.065195592933414 -0.00967632136364445 0.3775191751609843 -0.0020634616414643855 -0.006016801601597389 0.01002977351651087 0.9999294694465949
1732437233.873205 28.288354369137462 -0.01247899932089858 0.38085284716188367 -0.0021798915921934447 -0.005864323672308112 0.00991331671177876 0.9999312896055832
1732437233.906539 28.520467535537048 -0.02306520856742092 0.39950465941582347 -0.002101128756500132 -0.005895034199290778 0.01005937872442502 0.9999298189020149
1732437233.939872 28.74390195604895 -0.010793163281303256 0.40083953781589954 -0.0019660960951007923 -0.006073939507502072 0.010032363159023354 0.9999292942075703
1732437233.973205 28.98114229982533 -0.009484488346737483 0.3925388314880221 -0.0018986199559105326 -0.006070218461570559 0.010175486112376836 0.999928000994306
1732437234.006539 29.223491032769452 -0.009176534064362222 0.38274457088433156 -0.001864899220576784 -0.0058588403957360495 0.010317541228992757 0.9999278696401568
1732437234.039872 29.43327116746782 0.00424038921259803 0.36640991492799496 -0.0020203722074695805 -0.005553450398032203 0.010219743790708362 0.9999303146328109
1732437234.073205 29.645599046968073 -0.009770365030736094 0.36146270609429343 -0.0020907001677169437 -0.005097017735989421 0.010504161189905119 0.9999296535160381
1732437234.106539 29.849357734359874 -0.02064884455677281 0.38282094666222893 -0.0020057026797569225 -0.00500037858242413 0.010623024853965274 0.9999290598406193
1732437234.139872 30.057566691932372 -0.013564137473445316 0.39131130773629197 -0.0021084618069971833 -0.0052628244170036895 0.010513726178736079 0.9999286567699732
1732437234.173205 30.295141524637778 -0.025007094363197063 0.38957974382144456 -0.002089496133981367 -0.005605439168798725 0.010577470066247499 0.9999261623663162
1732437234.206538 30.52760157817419 -0.022479646505411545 0.3828645380185117 -0.002217021254612669 -0.005748152347809146 0.010586168414619101 0.9999249854862314
1732437234.239872 30.748336459592522 -0.0348180366090696 0.383117988718482 -0.002408231888230906 -0.005775919169541054 0.01069010254315443 0.999923277499097
1732437234.273205 30.951580894251236 -0.02661762007356861 0.3862784268631676 -0.002349578487515226 -0.005826861060623483 0.010638057892560573 0.9999236765350572
1732437234.306538 31.162361140076396 -0.02023907728563641 0.3844802525633417 -0.002202532009264222 -0.00589979285883768 0.010686917920525108 0.9999230625814823
1732437234.339872 31.37883663932617 -0.02198901867569313 0.39504884570614257 -0.0021609401000938794 -0.0058895406814002725 0.010717852190203289 0.9999228826728963
1732437234.373205 31.66305862843278 -0.023035593877312945 0.3963567240563495 -0.0021494013176502776 -0.006043646114642379 0.01104738027968121 0.9999184015731347
1732437234.406538 31.87898530220503 -0.035930752990094475 0.3976873723577482 -0.0022351552005537715 -0.006166526681790486 0.011258297899239059 0.999915110776072
1732437234.439872 32.068771512679184 -0.031475102569946005 0.4054073028574599 -0.002320266816095554 -0.006169639266185927 0.011223512799873504 0.9999152887488312
1732437234.473205 32.27025790115926 -0.03032230476701537 0.42087787875278143 -0.002351686340763231 -0.0062308642359336945 0.01121604653479755 0.9999149194818314
1732437234.506538 32.53980155183957 -0.031688053615337275 0.41941509929295456 -0.0023590606219738024 -0.006573683487405762 0.011364968179681384 0.9999110255501057
1732437234.539871 32.73866229176893 -0.03274202654549794 0.41895896715871034 -0.002258624865107338 -0.006586001230669087 0.011205190901134659 0.9999129796629193
1732437234.573205 32.92582545690487 -0.02587443645234541 0.4211169272499227 -0.0022018534084153156 -0.006630650453317953 0.011165149681067028 0.9999132591123758
1732437234.606538 33.110191830685444 -0.016030958462278644 0.4224520967282658 -0.0021198227255102313 -0.006619685584761258 0.011188218932289652 0.9999132511730677
1732437234.639871 33.311099482541614 -0.01048441392540549 0.43678644400526645 -0.0020247695209457952 -0.006481498826157455 0.011202750815877738 0.9999141907461415
1732437234.673205 33.48204661943563 0.005428296157010355 0.44858806119730466 -0.0021066769436608335 -0.006564588185733745 0.011041604177602997 0.9999152719462745
1732437234.706538 33.66575868271327 0.015458648963888643 0.4553016103785452 -0.0020879876635646203 -0.006711218588314356 0.01098487064591042 0.9999149626190565
1732437234.739871 33.863768270986405 0.023206494423691014 0.4711611125811294 -0.0021189289524341914 -0.006733089886614579 0.010969149144360072 0.9999149230848203
1732437234.773205 34.03653171920854 0.0361538018001334 0.47619339074574213 -0.001967687775996129 -0.006774711915855596 0.010975924411011282 0.9999148766603071
1732437234.806538 34.22071402606585 0.048591655760940974 0.4811714054350766 -0.0017745451684713352 -0.006761848365971224 0.010940026379906802 0.9999157185577832
1732437234.839871 34.40368255085596 0.059183970963240316 0.493532437980133 -0.0017405306435468294 -0.0066709385349780536 0.0109174964410166 0.9999166352269583
1732437234.873204 34.57654549861571 0.0728185528429905 0.5066922586826288 -0.0016783394198710566 -0.006740860020814278 0.010852851161343638 0.999916976355858
1732437234.906538 34.770038010160505 0.08478726534094999 0.5227962609893918 -0.0015861533421874712 -0.00669848297185936 0.010707263735899187 0.9999189811913467
1732437234.939871 34.95152310570285 0.10178007995236578 0.5280446574516834 -0.0014892207388988454 -0.006731302747002956 0.010517452396677012 0.9999209243635232
1732437234.973204 35.14368590863272 0.10371456610160244 0.5445078479035009 -0.0014014241261745683 -0.0066461485230682816 0.01041636462293684 0.9999226790448699
1732437235.006538 35.312564981614535 0.11467173547180674 0.5444634719042557 -0.001365568505163672 -0.006708978433921157 0.010374931663042476 0.9999227398274418
1732437235.039871 35.48502644784569 0.12213110025356873 0.5559258053764672 -0.0014457593245219712 -0.006622362064434849 0.010269636123101828 0.9999242914713905
1732437235.073204 35.66533544782179 0.12368224952133228 0.5738385437052304 -0.0014312885318097594 -0.006551258331082466 0.01029087188655373 0.9999245623461965
1732437235.106538 35.83239884995643 0.13945640382050287 0.5789991099178766 -0.001423121002692802 -0.006763840939233173 0.010144485417817982 0.9999246544605089
1732437235.139871 35.99274315555983 0.15335755642731475 0.5751045238821161 -0.0012757151124839544 -0.006766400275315089 0.010027770031538505 0.9999260133662192
1732437235.173204 36.176979506092295 0.16458130522467768 0.5992404705739117 -0.0012525442477997468 -0.0067276053338567576 0.009975805955019242 0.9999268242001147
1732437235.206537 36.404856163175346 0.18352884696169966 0.5988958649184676 -0.0012687407978251811 -0.00710424981325684 0.009872646160495326 0.9999252225987544
1732437235.239871 36.526602969158624 0.2104502415707111 0.6096438660601733 -0.001350347125176433 -0.007164143263388718 0.009529081577848961 0.999928021518662
1732437235.273204 36.6655314835456 0.26473525701898704 0.6277087775307004 -0.0014128918311461357 -0.007192986326277789 0.009020605055056176 0.9999324444025327
1732437235.306537 36.784036057471226 0.3511133536003157 0.618692490671418 -0.0013141941281185497 -0.007249533126251556 0.008043077439760635 0.9999405112648168
1732437235.339871 36.91835328905583 0.40270721416795946 0.6355105643558853 -0.001347347425853697 -0.007037764012504893 0.00755939878990025 0.9999457535399375
1732437235.373204 37.00264679311529 0.4597782770607925 0.6500667110775532 -0.0013548866810822644 -0.006785737118215469 0.0069625263148211805 0.9999518194798984
1732437235.406537 37.10454427359433 0.49062341906272644 0.6566412898538577 -0.001086344832207679 -0.006515673370556313 0.006329288675665033 0.9999581521045238
1732437235.439871 37.181234290894096 0.542129772243954 0.6648479411918117 -0.0010092074550309919 -0.006198983063665284 0.005605213514841187 0.99996456721763
1732437235.473204 37.17683086197175 0.5582307968989692 0.6700132232233762 -0.0007989829889103508 -0.005992708959317073 0.004876939282854045 0.999969831809312
1732437235.506537 37.224792751134245 0.5843205774644007 0.6775333230061888 -0.000632105714524202 -0.005649683850076389 0.003853291257271307 0.9999764165525338
1732437235.539871 37.16638252737692 0.5570447700361457 0.6734441213862238 -0.0005564331865233767 -0.005434725018563667 0.0030208164810867806 0.9999805142170868
1732437235.573204 37.15607928615966 0.6068837429181754 0.6804044472096228 -0.00030642809740095387 -0.005286895885692506 0.0013733695687703012 0.9999850342328842
1732437235.606537 37.067695159881936 0.5850669423419608 0.6797667609704369 4.52561833221436e-05 -0.005396490058226675 0.00040136958976816307 0.9999853572674862
1732437235.639870 36.97878773288388 0.569865609274365 0.6799599019939621 0.0006656519959520762 -0.005339235187227892 -0.0006580337167344341 0.9999853081254061
1732437235.673204 36.78996714231658 0.5275664116781259 0.686789724699612 0.0013604116488933943 -0.005160311838492354 -0.001423252103229996 0.9999847472913402
1732437235.706537 36.57751594151895 0.4545346139571642 0.6862930279740636 0.0019920221039038954 -0.004893997222336154 -0.002138065714195635 0.9999837545251059
1732437235.739870 36.34931993733461 0.4085626335235196 0.6924316898150269 0.0026789677397355206 -0.004717106988109793 -0.0027995389870872902 0.9999813671338941
1732437235.773204 36.143540942650795 0.3642049547616073 0.7075025803727538 0.0033346929427904484 -0.004575861914465673 -0.003768916789887104 0.9999768680209298
1732437235.806537 36.007240742934925 0.30554558330120896 0.7209908671569946 0.003518002524181313 -0.004837073530622586 -0.00456318684772941 0.999971701451442
1732437235.839870 36.01538221616589 0.2323580763237333 0.7331175938576173 0.0034455864222550842 -0.0050277555867880115 -0.005660179847480958 0.9999654053876366
1732437235.873204 36.18282257946205 -0.03656250418433998 0.7283856183738746 0.0030963737051678485 -0.00506524046745325 -0.006272904479852188 0.9999627025435857
1732437235.906537 36.437165436129014 -0.3687039833529714 0.6864765958173134 0.002841621654793267 -0.005030590673085912 -0.006654623665615756 0.9999611664098361
1732437235.939870 36.677978415958705 -0.6769368063464498 0.6356629699432774 0.0022285120220972726 -0.005299209747112242 -0.006980503477427493 0.999959111504778
1732437235.973203 36.866627022341085 -0.9358053855942825 0.5787748448594388 0.0020015483588701403 -0.005553977604489684 -0.0069706842509331245 0.9999582774786205
1732437236.006537 36.94535522709979 -0.883907360093831 0.585768637540351 0.0015788430172830091 -0.005709481186603091 -0.007652663740255317 0.999953171812053
1732437236.039870 37.03000629161041 -0.7392854676566056 0.6073685237265811 0.0011905858067784074 -0.00565901164793701 -0.009538851362482425 0.9999377822681218
1732437236.073203 37.12195737087017 -0.6947028090179379 0.6232318345314836 0.0012348279291406145 -0.005635340405008112 -0.010343935491890452 0.9999298581085798
1732437236.106537 37.22338685490515 -0.6420487152845716 0.6317500535451473 0.0014334066108821046 -0.005751713997000931 -0.011202307140198786 0.9999196824977101
1732437236.139870 37.334390802161295 -0.5398494501341391 0.6395920795713421 0.0014469613386554926 -0.005815883985423111 -0.01266581435153045 0.9999018246523832
1732437236.173203 37.435757990532245 -0.2588205102418619 0.7064329990470689 0.0001555837377982594 -0.005488628169284634 -0.016438144680678227 0.9998498077981397
1732437236.206537 37.47223908797362 -0.010897049083445493 0.7639640655257274 -0.0007254788887568167 -0.005483799677839159 -0.020366840506452735 0.9997772719107291
1732437236.239870 37.50628853489665 0.32233495863911565 0.8322508484852429 -0.0020586917962079065 -0.005007121738735914 -0.02569737215482885 0.9996551083170225
1732437236.273203 37.580958880743594 0.5345774925893743 0.8394105324155264 -0.00224795344821508 -0.005045720503490252 -0.029857489508738632 0.9995389025596407
1732437236.306536 37.67270327043845 0.7309315385722425 0.8120033963184802 -0.0017428170001966632 -0.005736565906934375 -0.0334028000923994 0.9994239877782034
1732437236.339870 37.76907517544271 0.8438875707791695 0.7911782309664945 -0.001120830279440854 -0.006244238848351648 -0.035389307840162094 0.9993534660525693
1732437236.373203 37.8479683390339 0.8827203354001254 0.7889047486216002 -0.0006519986561534532 -0.006480847137178248 -0.03650821930357428 0.9993121251347945
1732437236.406536 37.908293035642444 0.9511764290846229 0.7919382568421677 -0.00040819442372902617 -0.006564045776249223 -0.037894346664220376 0.9992601088661809
1732437236.439870 37.99439027216926 1.1119547858869974 0.7902683138494417 -0.0004158224065258508 -0.006631537354470109 -0.04069864942147943 0.9991493730865821
1732437236.473203 38.106960199861234 1.3165056013687306 0.7598613812337413 -0.0006036906122914654 -0.0070399124919930415 -0.04396251977765491 0.999008194182885
1732437236.506536 38.33026443682044 0.9661669338646031 0.7776839087969388 -0.0002582698298674855 -0.00707750876172996 -0.04300519893023485 0.9990497460243877
1732437236.539870 38.615286125885866 0.6243890934258367 0.7904803806397043 -0.0002401996879831082 -0.007112468375740161 -0.04164541226869135 0.9991071087399412
1732437236.573203 38.88659899391614 0.3509836479943978 0.7707264875212111 -0.00031065267914234004 -0.007278944802296026 -0.040514003478092836 0.9991524087843932
1732437236.606536 39.17731071007232 0.10210335495767398 0.7352597998983162 -0.0003448860658458167 -0.007511818883304158 -0.03968734730327777 0.9991838509977505
1732437236.639869 39.43968869420827 -0.1021611566810848 0.7167749869484494 -0.0003987010070618708 -0.007815038641492363 -0.03894410653325406 0.999210749929596
1732437236.673203 39.71036097539382 -0.2612782439785001 0.694360839833305 -0.000436985286398569 -0.007983071127858773 -0.03845992275614417 0.9992281591112305
1732437236.706536 39.86656192773003 -0.23308595131921173 0.6969840314175965 -0.000591862179849144 -0.007917000927311978 -0.039339674370673317 0.9991943558767166
1732437236.739869 40.02207751620412 -0.115516581055692 0.6931383233912312 -0.00038517400641391227 -0.007895897320399725 -0.041161772534127034 0.9991212213382015
1732437236.773203 40.188702246971 -0.022259837156759887 0.6898357592842393 -0.0003239684967792012 -0.007925466863254613 -0.0427092822841703 0.9990560540961572
1732437236.806536 40.34103828752026 0.06969423501787934 0.6910636754607082 -0.0001559509606095094 -0.008030832127167247 -0.04431684137741819 0.9989852346180957
1732437236.839869 40.50393920395461 0.16525918335531592 0.6934178136868837 -0.00012706518553511425 -0.008164709806313598 -0.0461249252401748 0.9989023038514856
1732437236.873203 40.67363436523032 0.2502596438775368 0.6953084590503994 0.00011832428662318707 -0.008251514375712615 -0.04772923282257959 0.9988262205429124
1732437236.906536 40.843029106059824 0.30461573489389193 0.706566189801022 0.0003424988838619553 -0.008182837586991698 -0.048784861153827234 0.9987757311757938
1732437236.939869 40.97297435016959 0.3643242785563141 0.7414155905109295 0.0010078184846441405 -0.008045370397794755 -0.04940423287829339 0.9987459527281057
1732437236.973202 41.128940407322695 0.4014565922830733 0.7601990931814895 0.0011893418852194015 -0.007962090649576408 -0.049882743290130226 0.9987226354199743
1732437237.006536 41.290779370124554 0.4297776332303548 0.7917023407445628 0.0013721409332644744 -0.0076194242014804925 -0.050086735613508376 0.9987148644731786
1732437237.039869 41.415751320934156 0.44892403592845137 0.8204069092018728 0.001542029333020644 -0.007356770296521296 -0.050188572150280955 0.9987114735006585
1732437237.073202 41.538817051742804 0.4749548487894454 0.8371934954667878 0.0016803900104597777 -0.007287269755994203 -0.05029565049358951 0.9987063730298025
1732437237.106536 41.60275439765741 0.46822572940761537 0.8547607252109966 0.001785217816732485 -0.0073464505150909985 -0.050056555261110136 0.9987177699117842
1732437237.139869 41.620604164197196 0.39028025581644565 0.8810632580301294 0.0018210589321886728 -0.0072295007688718115 -0.04953057280775413 0.9987447824245862
1732437237.173202 41.68130364768486 0.3743354257881232 0.9164285504455711 0.0019034891949460586 -0.0069494197957360535 -0.04936696573809344 0.9987547171288861
1732437237.206536 41.754789265262595 0.3014515161645568 1.0148028173788963 0.0017348280875018678 -0.006418628106975875 -0.049015532316078594 0.9987758853599252
1732437237.239869 41.914770311518 0.14996191741303355 1.2197904720195583 0.0014987487344237569 -0.005749864000355281 -0.04827566201394874 0.9988163761539574
1732437237.273202 42.14697998804671 -0.00481627619390379 1.3263880723204138 0.001556158709558012 -0.00555029825195564 -0.048120389221809265 0.9988249099319292
1732437237.306535 42.29995729572161 0.037855211228215904 1.350700948860902 0.0013866946869096574 -0.005485058318284857 -0.04904119282280496 0.9987807330037993
1732437237.339869 42.4298477051613 -0.02605367902822915 1.3375453955080077 0.0013168972861185438 -0.005246649086265882 -0.0487693891998502 0.9987954170559539
1732437237.373202 42.58209858794795 -0.03944021509905802 1.3450757618218232 0.0016707504764739817 -0.005082320764816044 -0.04880212824228008 0.9987941383926484
1732437237.406535 42.74016630750534 -0.04932339051598284 1.3594388900892191 0.0018601563418421305 -0.004976557152893887 -0.048839784149488044 0.99879249555727
1732437237.439869 42.891094300185664 -0.04768945666301966 1.3815803702366438 0.0020718460354913052 -0.004708395095567211 -0.04893702050765642 0.9987886195254041
1732437237.473202 43.02619119202073 -0.07095158242209444 1.4256414132252826 0.002195759049479063 -0.00438272656851492 -0.048688579125491224 0.9988019786788385
1732437237.506535 43.126785294714765 -0.09178495711176089 1.4608264326461613 0.002393730368813732 -0.004210985379220973 -0.04851708383191098 0.9988106077898375
1732437237.539869 43.243131023184546 -0.11432029959266887 1.449713465752757 0.0024319007658481083 -0.004261823896132484 -0.048201599910034795 0.9988255746034221
1732437237.573202 43.35076229127655 -0.12145497348469239 1.466997268744706 0.0026400836319737525 -0.004118555724415788 -0.04797598479619419 0.9988365093147109
1732437237.606535 43.449995192500246 -0.15015392037287512 1.4863119813758854 0.0028457261292716887 -0.004128538993752262 -0.0478379598579611 0.9988425234265922
1732437237.639868 43.56645287953878 -0.15158484027461275 1.483573003482671 0.0031106898089655745 -0.004229085898487257 -0.047767133975223024 0.9988447023202199
1732437237.673202 43.69607312797819 -0.1653916958593989 1.5169108418775368 0.0035012999210562424 -0.0038874482141045353 -0.04760990800418923 0.9988523040495416
1732437237.706535 43.81231162912984 -0.17081542624456325 1.5440297078854284 0.0038594054579275663 -0.0036993870047942828 -0.04756622387898434 0.9988537800254823
1732437237.739868 43.946575540806926 -0.15760897331582696 1.577750606963594 0.004061431089051035 -0.0035384758580792037 -0.04764669891779165 0.998849726459565
1732437237.773202 44.03227695289575 -0.1683912372099843 1.5693377490262344 0.0040017899526532475 -0.0036148556219428303 -0.04763029275726934 0.9988504761513929
1732437237.806535 44.082859103453266 -0.1655776640426759 1.5814520374213374 0.004084643446131229 -0.003472141154424709 -0.04768569218334972 0.9988480037947298
1732437237.839868 44.14909756754566 -0.16278404072232758 1.6007599551472218 0.004164412760071479 -0.003464986258590648 -0.04789853726216914 0.998837515146851
1732437237.873202 44.200202971442515 -0.15567376182955717 1.6106255339899853 0.004166594769721806 -0.0036151163241580856 -0.04788375856667424 0.9988376825528341
1732437237.906535 44.2489092337971 -0.1479334525816924 1.6223686459150064 0.004205140910214972 -0.0034922676604254525 -0.047769034659499894 0.9988434512896467
1732437237.939868 44.314710972619984 -0.1198047412035827 1.651612533911152 0.004211108887375179 -0.003275578142651808 -0.04796519868554578 0.9988347595397481
1732437237.973202 44.407735830224986 -0.07947599907702178 1.7132730154085054 0.004533958439171611 -0.0031491833704767234 -0.04826838309006958 0.9988191473228981
1732437238.006535 44.56745843797515 -0.06813616402274035 1.757673679111608 0.004328936454547063 -0.0032937717212136756 -0.04797417402402259 0.9988337649497707
1732437238.039868 44.78683185215067 -0.05707341213749189 1.7877402747107598 0.004252943218542549 -0.0033309935381432036 -0.04779638602771833 0.9988424913061709
1732437238.073201 44.92949859422853 -0.06543776434447089 1.8144833161228324 0.003787731431732223 -0.003098202804335972 -0.047667656271714015 0.9988512645912534
1732437238.106535 45.03956663303304 0.0074768028411234255 1.8005689237685074 0.003810445527424848 -0.0032406851264820133 -0.048141144288369006 0.998828017574297
1732437238.139868 45.16596112938668 0.07571497858974037 1.7998110315706954 0.0037713763057115675 -0.0032328026166981555 -0.048585270527628066 0.9988066865994437
1732437238.173201 45.27698782946465 0.16627019282882594 1.8189199901534772 0.003535478450321636 -0.003001637538173741 -0.04952749023350616 0.9987619928067881
1732437238.206535 45.40123284992298 0.22617007176104348 1.8653390561932726 0.0033057688860205236 -0.0024855163957866713 -0.050091938851716596 0.9987360470927212
1732437238.239868 45.52248563186136 0.3088796521067428 1.9155832903001 0.0031875130416725347 -0.0019761458274139532 -0.050657910735517876 0.9987090220320383
1732437238.273201 45.62380188907871 0.3973429160347847 1.9510518349995962 0.0031898247885399603 -0.0017437967009612248 -0.05143525098941767 0.9986697147438385
1732437238.306535 45.71529469862005 0.5034769351948807 1.9298140984225751 0.00327251606114455 -0.001890062814678285 -0.052294452882478776 0.9986245583295597
1732437238.339868 45.81726813506427 0.5524659380234398 1.9146194901672602 0.0033900976790547242 -0.002420571735960813 -0.05277814304023615 0.9985975744449922
1732437238.373201 45.900832030754415 0.6396283348305865 1.908818344782289 0.003604452423181573 -0.00290664930748741 -0.05325166401185674 0.9985703879008734
1732437238.406534 45.985726865833996 0.6716626847173993 1.904722024354716 0.004033139275494991 -0.003270077479157797 -0.05319482855870499 0.9985706537824325
1732437238.439868 46.09740431475499 0.5899937094721802 1.897389116364261 0.004497989490325808 -0.0036644091620281253 -0.05251668952529902 0.9986031932240862
1732437238.473201 46.21528895424001 0.4507082483407105 1.8852999202400182 0.0049304139050485585 -0.004124478052321669 -0.05154378139289189 0.998650047964372
1732437238.506534 46.29095712101474 0.3966019335161438 1.8813092668345526 0.005238756026368274 -0.004474155131650863 -0.051134044387279816 0.9986680363743269
1732437238.539868 46.37851765638758 0.46158431045970627 1.8911976456496924 0.005620540202888412 -0.004781287582364515 -0.051317578465863545 0.9986551231317459
1732437238.573201 46.46781875993017 0.4650164982509469 1.8878114298620021 0.005937572267516842 -0.005010727015788321 -0.05123253987890148 0.9986565298979915
1732437238.606534 46.556245127085724 0.6045572678636648 1.9128744774080935 0.006063078257439936 -0.005199945274984193 -0.05240445989220302 0.9985939976960545
1732437238.639868 46.73817151340362 0.7659928843661346 1.9271099201974573 0.0062788778952546495 -0.0051972269379146115 -0.05431193177485235 0.9984907503784981
1732437238.673201 46.939171132686795 0.8556932190049593 1.923037286075489 0.006513694759996181 -0.005307805909119728 -0.05558443312919863 0.9984186345269755
1732437238.706534 47.15465458793825 0.9063623607190446 1.913052801938254 0.006801858571432652 -0.005544245412821852 -0.05635773101476971 0.998372076040613
1732437238.739867 47.377969792557685 0.9260561073433125 1.8954165364859725 0.00713242124640138 -0.005734393920933499 -0.056458230832484246 0.9983630168755199
1732437238.773201 47.576447410076945 0.9604368124938041 1.8863630743506243 0.007502074414886083 -0.0058807660221904525 -0.0570605710908465 0.9983252108893435
1732437238.806534 47.80187975615867 0.9784079820107728 1.8655543168000266 0.00791623115242765 -0.006185688843057289 -0.05744919267507584 0.9982978817962403
1732437238.839867 48.018000171233524 1.0032677528459948 1.8534170813322233 0.008201071169626139 -0.006363023188971774 -0.0578766133384467 0.9982697791659524
1732437238.873201 48.21881303794111 1.0343581333761587 1.855313909905965 0.008357642007927739 -0.006555119870880789 -0.058300757495851646 0.9982425566459064
1732437238.906534 48.42232412047864 1.0654211697787233 1.8611031435845726 0.008403819387844793 -0.006559581839690466 -0.058723928285962464 0.9982173350290257
1732437238.939867 48.63323751135701 1.0994237614966964 1.8701289205643106 0.008426697785147989 -0.0066399975599094685 -0.05944210174122598 0.9981741019168088
1732437238.973201 48.87491766600621 1.1191392896316563 1.8840353189855237 0.008551088056482019 -0.006823819551132779 -0.05987302315825632 0.998146049172001
1732437239.006534 49.11346590640787 1.1183357668657565 1.8854396559509605 0.008693884392566062 -0.0070726403865239915 -0.0602919324658771 0.9981178672940696
1732437239.039867 49.32902712562015 1.1002916445771143 1.8795042367193135 0.00883096765707084 -0.007212968423225598 -0.06059289674462656 0.998097434101932
1732437239.073200 49.5480879282038 1.0592809005343071 1.879305460454272 0.008872265130124452 -0.007328004034360308 -0.06047933076860064 0.9981031178280706
1732437239.106534 49.7629210149183 1.041696691938297 1.8611012698054803 0.008868701948546326 -0.007384909299776111 -0.0603853012166559 0.9981084232874481
1732437239.139867 49.97941954572536 1.0040285617254079 1.8579339803172172 0.008765968713909751 -0.007002464991361835 -0.06028171435518551 0.9981183487898373
1732437239.173200 50.17102773959921 1.0292806727309718 1.8907853764766442 0.008681307901199347 -0.0068551335749328125 -0.06110484875273447 0.998070057408647
1732437239.206534 50.36831089713313 1.1212899457653875 1.929187770826914 0.008586097822273391 -0.007070976308991554 -0.06257383708769632 0.9979783540389773
1732437239.239867 50.618863797731535 1.0824768245694272 1.8851034928745178 0.008664448984529635 -0.007631697197960479 -0.06254854753930886 0.9979751318156159
1732437239.273200 50.789804965833056 1.1609147240696447 1.8871646206076829 0.008632221868524787 -0.007697237325200499 -0.06374779993917719 0.9978990205857939
1732437239.306534 50.914329326844026 1.3350534988523075 1.8696191143802892 0.008648750864067694 -0.008150421540979296 -0.06617710165082472 0.9977371201645713
1732437239.339867 51.07782217929216 1.461688652359293 1.8552852134837003 0.008923208997278324 -0.00876068553718388 -0.06826006006540622 0.9975891894612614
1732437239.373200 51.27545467308516 1.5270642182030711 1.8559870207825941 0.008931398553018903 -0.00896253827597135 -0.0699025390295657 0.997473577627377
1732437239.406533 51.4798517023212 1.4995185382688219 1.8179287810158156 0.008765084888778508 -0.00907684512708524 -0.07056328744490654 0.997427494424732
1732437239.439867 51.64288248283549 1.5662535533635262 1.841211886666079 0.008736243303927105 -0.008515212344063527 -0.0721218053663717 0.9973212192680778
1732437239.473200 51.78622740436602 1.5897500761734917 1.833960979788211 0.008850120466227254 -0.008357309916903265 -0.07310193651233618 0.9972501880756065
1732437239.506533 51.96671571016368 1.614797698851748 1.8221645687853394 0.008957132126176293 -0.008392918079216084 -0.07407867623293564 0.9971768541426168
1732437239.539867 52.14624127602326 1.618449360846455 1.8056538055699336 0.009140199336601967 -0.008458174402840642 -0.07478234740496958 0.9971221171744515
1732437239.573200 52.35701531095581 1.6047017934944674 1.8047060773143273 0.009149197612106544 -0.008439197214015374 -0.07530800866261463 0.9970826324656895
1732437239.606533 52.61521644723512 1.537453648259374 1.811153108570335 0.008940463434442505 -0.00863755826899097 -0.07509208468743567 0.9970991121839505
1732437239.639867 52.88782351005672 1.4404792551189987 1.8091209215270854 0.008681005362068792 -0.008814285511986404 -0.07479042913988632 0.9971225301967098
1732437239.673200 53.15798082563158 1.3601681412939943 1.7983345751901048 0.008368724846227917 -0.00895831809252621 -0.0746528212330089 0.9971342283079814
1732437239.706533 53.38309629188919 1.3222749837263787 1.7987486299460158 0.008465921740500516 -0.009145700709261058 -0.07489284422200572 0.9971137077645452
1732437239.739866 53.63310609935457 1.3034413361333457 1.8335888057443646 0.00910406522109936 -0.009382288159624734 -0.07552762271249117 0.997058005771349
1732437239.773200 53.87324052807529 1.3038762966288453 1.8267889645376414 0.009944442273869038 -0.0101698188678749 -0.07600214086364254 0.9970061972907688
1732437239.806533 54.13215447535656 1.277367949517518 1.805735089314976 0.010634006415860807 -0.010457026849972613 -0.07605896803404084 0.996991776234189
1732437239.839866 54.346742349102406 1.294903241829584 1.82496071245517 0.010733805353090918 -0.01010731432699891 -0.0768699416715042 0.9969321138809587
1732437239.873200 54.55765375382411 1.2922794919003966 1.849267267131858 0.010518525795347108 -0.010352547822812188 -0.07781477832534996 0.9968585885885949
1732437239.906533 54.82562718774175 1.2681831499299612 1.844513134598626 0.010256782507607021 -0.010960372323733822 -0.07854098972735449 0.9967978639542545
1732437239.939866 55.09016364737847 1.2542557641260355 1.8502229619111117 0.010066896675429288 -0.010948893861104508 -0.07894741515657135 0.996767818980248
1732437239.973200 55.31438617468876 1.2365490465711577 1.8678980865559762 0.010470020056206168 -0.010536613880970502 -0.07896569958542662 0.9967666611283355
1732437240.006533 55.49529511976103 1.2292149968508566 1.873443294796299 0.010872194593541662 -0.010464995492812114 -0.0788203130608364 0.9967746172044346
1732437240.039866 55.714516251762824 1.1973928083750525 1.8816650584228634 0.010954543071889375 -0.010428238755339627 -0.07854328438774245 0.9967959682403085
1732437240.073200 55.911858729205655 1.2093184343758994 1.8716363841498806 0.010560043656299277 -0.011067098307676982 -0.07881290533391873 0.9967720555703055
1732437240.106533 56.08524119641795 1.2208327799325667 1.8834204921604751 0.010182760338532985 -0.011424416340183314 -0.07911349405159125 0.996748137275472
1732437240.139866 56.271000003384174 1.2172646629684314 1.8808301270582883 0.009982710348972468 -0.011712930114985576 -0.07937916782973549 0.9967256896844129
1732437240.173199 56.471031512613145 1.2171641989363382 1.8330619217212822 0.009913508381929644 -0.012033944026230472 -0.07965737426778806 0.9967003608244036
1732437240.206533 56.6844210648784 1.2281901212771045 1.7951313711930126 0.010125503307771231 -0.01261520212581234 -0.08026705911803744 0.9966421273850663
1732437240.239866 56.95135326698348 1.0463102412850704 1.8568926930931087 0.009979418895379798 -0.012289892002280332 -0.07942726579884629 0.9967149438032933
1732437240.273199 57.254911391296986 0.9086007197792366 1.8891757243450265 0.009441716078039904 -0.012264783271978925 -0.07845895922371604 0.9967971813796045
1732437240.306533 57.537502100508384 0.8088842861202128 1.89948599514797 0.008960296089568184 -0.012162875118046914 -0.07798581344293239 0.9968400024399574
1732437240.339866 57.79630502851838 0.701075058140928 1.893700653443828 0.008697522276880093 -0.012310934457166856 -0.07736894879978401 0.9968885794112856
1732437240.373199 57.98570759091124 0.732415962584815 1.9671206905641887 0.008966668413987869 -0.011801764304351932 -0.07799878638650574 0.9968432707999239
1732437240.406533 58.24388613008103 0.5943754031921165 2.021767868946907 0.008952216423758767 -0.011367042199633665 -0.0775146015461222 0.9968862195455808
1732437240.439866 58.48019675126405 0.362575442748583 2.070969280134185 0.008989030718872987 -0.010897102513680808 -0.0764863925892533 0.9969705523395482
1732437240.473199 58.724750736083436 0.08715349122723032 2.132796451940679 0.008750564750566814 -0.010522900698899204 -0.07522204625357039 0.9970728859691518
1732437240.506532 58.94102518541316 -0.17597040725662855 2.2308903707034853 0.008430933603886576 -0.010082614843627994 -0.07394738923085452 0.9971755331246462
1732437240.539866 59.099672444796184 -0.08296304716789628 2.2246120874973356 0.00853526308114066 -0.01060387441352005 -0.07537009126227759 0.9970627144140302
1732437240.573199 59.296017963355794 0.036680759908206406 2.217020264098025 0.008644262002478025 -0.011381010923165586 -0.07723776687442516 0.9969102651156979
1732437240.606532 59.539791822160495 0.18771309056753052 2.2233814713573694 0.008509683654592577 -0.011674299523820911 -0.08020203595515035 0.9966739333620478
1732437240.639866 59.78993418409717 0.25941560237909655 2.2131999698116687 0.008115180667233546 -0.012330978071765399 -0.08280560361982439 0.9964563828044297
1732437240.673199 60.034954069033866 0.2847865727069067 2.1833176239250456 0.007318461250861014 -0.012982108482448112 -0.08510391927464628 0.9962606224820713
1732437240.706532 60.27661085037493 0.24940443998358586 2.12168731315102 0.006405758390034107 -0.013835884108656884 -0.08692241738756956 0.9960984027323211
1732437240.739866 60.50886560286696 0.27133438479069055 2.0705783614689186 0.005189031963348 -0.014387235687550499 -0.08997289074383943 0.9958267722489447
1732437240.773199 60.756766282476825 0.0855939913404406 1.996239227037836 0.0050820552486154046 -0.014971351029620378 -0.09094294050808346 0.9957305925472719
1732437240.806532 61.02357118465197 -0.03761697354961564 1.93529644360152 0.0052378891032454225 -0.01529169307308425 -0.09285630940775395 0.9955483084430771
1732437240.839865 61.27188085183528 -0.02234673285558328 1.8996988223894145 0.005608904880862735 -0.015270164944466291 -0.09697851076158126 0.9951535211710162
1732437240.873199 61.43613172768498 0.03581541841358113 1.8706422433853733 0.00571401248533048 -0.01543042846533244 -0.10132211110169535 0.9947175889369754
1732437240.906532 61.52743991697235 -0.03829418649805144 1.8968454587951173 0.005001572433756476 -0.015524311989339136 -0.10408390410421625 0.9944347745915123
1732437240.939865 61.73475529645674 0.016436062376323675 1.8683666006827189 0.003991649855122736 -0.01624585295175194 -0.10969168457891855 0.9938248705519214
1732437240.973199 61.93388864067855 -0.016505151524424624 1.8594039168919712 0.0029502918926024428 -0.016317004620096266 -0.11369601677374915 0.9933772027320537
1732437241.006532 62.11280822858452 0.020841144386661542 1.8350635372593804 0.0019285710815572174 -0.01632306728797429 -0.11880898985344952 0.9927810745667438
1732437241.039865 62.12026584272873 -0.28437531002589767 1.9455372620014493 0.0017935339775953917 -0.01492263266530634 -0.12051656282240111 0.9925975298960207
1732437241.073199 62.16260213540939 -0.5912590323006606 2.0371328833595497 0.0015581962690813349 -0.014176338295552262 -0.12237290369883262 0.9923817188447364
1732437241.106532 62.3601588915414 -0.8880941155233424 2.113465273399156 0.0012322957644289444 -0.013945622468246986 -0.12429681131378144 0.9921463116689737
1732437241.139865 62.59743169573619 -1.1269330950834036 2.1770617084651054 0.001096568087781341 -0.01363198480169116 -0.1261274453398794 0.9919197719880529
1732437241.173198 62.80981821961229 -1.332162538773012 2.21550667021647 0.0009240719998129604 -0.013518303711318826 -0.12788825714624752 0.9916960195744475
1732437241.206532 62.99597240001804 -1.4524134251737935 2.2460470876732757 0.0006377393903350196 -0.013614291957796175 -0.12987461434458414 0.9914367498190712
1732437241.239865 63.17693246089412 -1.5276740298035532 2.2784696447762816 0.0004690380315691636 -0.013697378454112664 -0.1316870146800311 0.9911965960350505
1732437241.273198 63.32522402747697 -1.6372486567792834 2.278929443122302 0.0005725057202423709 -0.013789897577166787 -0.13296967452343345 0.9910240040579965
1732437241.306532 63.49368489977662 -1.7421252030099716 2.3152245742072712 0.0005046286524938591 -0.013436210905297358 -0.13447818082518076 0.990825328939658
1732437241.339865 63.574859588179756 -1.8068351362991435 2.3603006717357107 0.0004761863119143822 -0.013153356403120547 -0.13559024806949715 0.9906775696917646
1732437241.373198 63.663160883332 -1.8466280623258384 2.3931007344958446 0.0004096853890565204 -0.013031439266392178 -0.1365550019538269 0.9905466900605537
1732437241.406532 63.73855289514408 -1.9181732791043673 2.420113956145181 0.00047105299560270023 -0.012944904785516836 -0.13736512927068634 0.9904357772261747
1732437241.439865 63.80254639812901 -2.0521683387882046 2.4371683373468485 0.000381460236552513 -0.012738587335826126 -0.13792430904548852 0.9903607766138056
1732437241.473198 63.83279211294203 -2.1491067365551837 2.4561353760104514 0.00040169023742558945 -0.012514759484508612 -0.13848050499773287 0.9902860037259795
1732437241.506531 63.888112190030675 -2.279999064343977 2.4769290385091014 0.0005203916707386091 -0.012406227212782983 -0.1386528393534259 0.9902631997898775
1732437241.539865 63.85790597405756 -2.4276318459654394 2.495915271150988 0.0004751153009909497 -0.012380874535464702 -0.13883683329170332 0.9902377603044229
1732437241.573198 63.840303215173634 -2.6035626745440634 2.502496268437277 0.00042137194386222034 -0.012366533920939905 -0.13862587946958546 0.9902675178080674
1732437241.606531 63.81740186724318 -2.705238255002247 2.513165878680584 0.0005103513917504735 -0.012213610975583999 -0.13875292865312203 0.9902515801747431
1732437241.639865 63.74068102105168 -2.7976925860375133 2.528609045937533 0.0005017922148139116 -0.01218129815682625 -0.13909215324023072 0.9902043915711461
1732437241.673198 63.673491269155505 -2.9361992858082884 2.5810555177055874 0.0005588518888292481 -0.011991196802310694 -0.13895200649903705 0.9902263573414446
1732437241.706531 63.70930639999717 -3.0223612692044015 2.6488366891199626 0.0008313752572468911 -0.01160643055162275 -0.13904503248964747 0.9902176924924059
1732437241.739865 63.792299217454485 -3.0730592650650355 2.7168977970124297 0.00088622397046779 -0.0114106844764287 -0.13932341725928302 0.9901807896995626
1732437241.773198 63.893320921873446 -3.099067081312393 2.7852415428804496 0.0008915619420067705 -0.011136260225907737 -0.1397145318122248 0.9901287989074832
1732437241.806531 63.95048510343191 -3.1313703027470035 2.852521756675214 0.0011025395101880173 -0.010811495535310574 -0.14005255842940198 0.9900844291515232
1732437241.839864 64.00652693728482 -3.1780497131916525 2.8901906659340564 0.0011639511399137124 -0.010649715130144092 -0.14025610579601372 0.9900572981258853
1732437241.873198 64.02727472966859 -3.209692413722041 2.9058171662198466 0.001086699814568165 -0.010561694268936689 -0.14037300701982197 0.990041761037329
1732437241.906531 64.08108686869949 -3.299900585486049 2.9047722403572807 0.0011192206616043921 -0.010701666978441195 -0.14042568020743257 0.9900327519871618
1732437241.939864 64.14654542177524 -3.3743941647742677 2.8739577424799894 0.0010178169771203817 -0.01074523857105964 -0.1406049225963927 0.9900069492878899
1732437241.973198 64.17723823922968 -3.4298936123356825 2.8797335012632357 0.0009575864222520589 -0.0105505843426311 -0.14090546849569352 0.9899663717249602
1732437242.006531 64.22715155465902 -3.472141421807648 2.9042513817917848 0.0011247293572169367 -0.010533125552947118 -0.14112145589741287 0.9899356155505031
1732437242.039864 64.28655920121453 -3.545414371928323 2.906786180495566 0.001131220174447938 -0.010644854741696323 -0.14149616057812642 0.9898809241267832
1732437242.073198 64.37311525705111 -3.5620453272622563 2.896772548553891 0.001280862376751199 -0.010641286305691215 -0.14232037246541035 0.9897626149732262
1732437242.106531 64.46651549463259 -3.641683509741965 2.8912117976109446 0.001164887383801579 -0.010531544692695504 -0.14281531523421948 0.9896926368011026
1732437242.139864 64.53389394033358 -3.748874616708773 2.8862244318304997 0.0010737987830475796 -0.010553904398258368 -0.14325151545214068 0.9896294586251922
1732437242.173198 64.66421895096973 -3.7941242066900287 2.8916924239307 0.001096579551723089 -0.010538595696562238 -0.14421244067438266 0.989490023935951
1732437242.206531 64.80695065065238 -3.9382419157479758 2.859334534833437 0.0011597821570702627 -0.010577545817402322 -0.14578434019234826 0.9892591655296961
1732437242.239864 64.91336351187304 -4.004620423610649 2.8509128951820712 0.001151769360785947 -0.010669558349646927 -0.14692663893492347 0.9890891753139601
1732437242.273197 65.0399554667819 -4.082054975520392 2.857227872667589 0.0012386916139385078 -0.010750329785227171 -0.14811391327367013 0.9889111005279262
1732437242.306531 65.15716024745463 -4.129047930890303 2.8486325051239763 0.0013838274336490958 -0.010741342262708233 -0.14956708771141633 0.9886922649953093
1732437242.339864 65.2857439904587 -4.228896041407779 2.8645174572281986 0.0014577260453885062 -0.010700839148524991 -0.15084082671884733 0.9884990703440589
1732437242.373197 65.43457828273883 -4.332155904706022 2.8720658778415262 0.0014892293255418208 -0.010614332701986738 -0.15223629549013962 0.988286005401648
1732437242.406531 65.58416815974681 -4.47901961399393 2.867018278522369 0.0016158596998763017 -0.010509571143914811 -0.15371636288834684 0.9880578007850448
1732437242.439864 65.72123018453671 -4.597259111656533 2.8901550736509543 0.0018485287360065163 -0.010196128770507958 -0.1553856864604553 0.9877995294303498
1732437242.473197 65.87530341145946 -4.728938212028387 2.8889943822826964 0.0020480294091236536 -0.010102087863241642 -0.1572043526120772 0.9875123011467556
1732437242.506531 66.05425485781232 -4.85099460881272 2.899645984820842 0.0021571880894225254 -0.0099322629403769 -0.15909026228871334 0.987211722548582
1732437242.539864 66.22931447819596 -4.999901299974619 2.9131055325671498 0.0023884182132195963 -0.00980105675199702 -0.16103487091902588 0.9868971603429992
1732437242.573197 66.39238390527285 -5.14542506870292 2.9070775251316316 0.0028021757033498615 -0.009670204730029787 -0.16312576333234563 0.9865539114965013
1732437242.606530 66.58777273765091 -5.2683723809591685 2.9018104332724026 0.0030475822920084635 -0.009631459495785321 -0.16548482649547758 0.9861605951516802
1732437242.639864 66.76925197015547 -5.375673583184828 2.891446152871413 0.0031410514323024887 -0.009844795290563122 -0.16792866376717344 0.9857449861333093
1732437242.673197 66.94394721764382 -5.502629521067345 2.851619250094129 0.0033627411375331253 -0.010231576645691328 -0.17027301603714112 0.9853380672748825
1732437242.706530 67.13493145782851 -5.669521777678082 2.844565598480561 0.0038360322433651215 -0.010476616977681086 -0.1729057674765935 0.9848751803790473
1732437242.739864 67.29707876468825 -5.755042359002513 2.8000481058035542 0.004102251748071177 -0.010753509188430571 -0.1761672645395204 0.9842929586639297
1732437242.773197 67.50149207123435 -5.903712702612807 2.813888169885784 0.00459938963046288 -0.01067498293064554 -0.1791480302741317 0.9837534617999352
1732437242.806530 67.70095813533652 -6.065419942022558 2.7700216558968305 0.0048406027507620865 -0.011030585299202677 -0.18205877580564242 0.983213861225073
1732437242.839864 67.90357795327417 -6.180737846969355 2.745598212186554 0.005110599561474628 -0.011307847485132663 -0.18554215240827315 0.9825579494549318
1732437242.873197 68.10224664777066 -6.3681290326708355 2.7051554341070863 0.005210269883344144 -0.011359169286707622 -0.1887429156213533 0.9819470118919906
1732437242.906530 68.30105579202643 -6.498100026270895 2.6825040542317464 0.0054735284420234075 -0.011368004085334891 -0.19234725063112315 0.9812458122938197
1732437242.939863 68.50037788637273 -6.670049756257719 2.6838464124684775 0.005381514262304075 -0.011468126780005378 -0.19568395150612602 0.9805851888007234
1732437242.973197 68.73519629290567 -6.828939412395375 2.689467606451698 0.005484498237947275 -0.011815143662060684 -0.19933654011069307 0.9798445113567871
1732437243.006530 68.9413927530886 -7.026484517783102 2.614887252575809 0.005480837728334688 -0.012944953230458993 -0.20289531940022618 0.9790995240368249
1732437243.039863 69.16690930315211 -7.141655408121626 2.586162866434567 0.005572776863874139 -0.013187868141253653 -0.20722532931957283 0.9781884722180634
1732437243.073197 69.40398128218659 -7.322453067775969 2.5993584582997507 0.005875725014869184 -0.012720408784188182 -0.21129582668183944 0.9773217181065562
1732437243.106530 69.59624072301828 -7.52834031602151 2.623976625089084 0.006111450230112726 -0.01227469791872894 -0.21511408058487883 0.976492659624849
1732437243.139863 69.82140839052975 -7.66609429914468 2.6285134206046985 0.00609866506315817 -0.012534060599514257 -0.21905609590520195 0.9756126949031085
1732437243.173197 70.03446985798765 -7.869845454138966 2.5889409699734798 0.0063157704647787425 -0.013193190829475539 -0.22281727625965367 0.9747504871296052
1732437243.206530 70.38396923858497 -8.14222103490014 2.583326621378335 0.00648632345832347 -0.013571749824140241 -0.23060434813465058 0.9729313284277045
1732437243.239863 70.61340348873769 -8.316197328937735 2.5634856422568815 0.006423789991233211 -0.013992577989122337 -0.23475442146931352 0.9719327673681831
1732437243.273196 70.82671394955887 -8.466205627429929 2.534160975014381 0.00637043451479728 -0.014432469509145044 -0.23884240057863196 0.9709301875386287
1732437243.306530 71.03573433894378 -8.671104589114004 2.539551969070599 0.006560444278360624 -0.014365785387297584 -0.24241567285725082 0.9700439301053551
1732437243.339863 71.26092951407892 -8.8439666282436 2.5367786097680054 0.006637977053098563 -0.01437649276371908 -0.24608443692784018 0.9691190348034473
1732437243.373196 71.44632172837518 -9.06743381155006 2.5338436322212057 0.006391523723242806 -0.0145241294738798 -0.24936563905370196 0.9682793895084517
1732437243.406530 71.64834940054196 -9.246122594713114 2.5075456382651935 0.0060504566237843385 -0.015200865260843147 -0.25302396350272366 0.9673216629246641
1732437243.439863 71.86313880121868 -9.435923127369389 2.4991492416185204 0.005998630158335039 -0.015562121408810628 -0.2565316388853269 0.9663919262205625
1732437243.473196 72.05388441228405 -9.602584206208364 2.4674945866014353 0.005986995296170558 -0.01586067010463454 -0.2600617649662731 0.965443148732116
1732437243.506530 72.24692189774498 -9.766502812179295 2.479975692276697 0.006343755565868592 -0.01550487426731273 -0.2636422296728547 0.9644750543028062
1732437243.539863 72.42813513745891 -9.950219572975232 2.488081566367834 0.006741989786397157 -0.015144651021058324 -0.2668228878853101 0.9636029948167002
1732437243.573196 72.61782372537814 -10.095245695907488 2.488293365558406 0.007107160894165115 -0.015075067000308315 -0.26981356934319123 0.9627683357990372
1732437243.606529 72.79118569014747 -10.261205274554023 2.4796815285392815 0.0072657952702466656 -0.015161676692402235 -0.2728023306784926 0.9619231882823848
1732437243.639863 72.97590177043281 -10.413657791677114 2.4627320006221 0.007301786749454843 -0.015164771035445428 -0.27589677514913397 0.9610398967223038
1732437243.673196 73.14881240059229 -10.560354635430313 2.4583113530262555 0.007528398235109374 -0.015003327665270598 -0.2787525634041889 0.9602162421947338
1732437243.706529 73.27931381598164 -10.779164838528805 2.436103806524895 0.007526741812662428 -0.015189937279131618 -0.2811706942189962 0.9595080274158989
1732437243.739863 73.44351731420612 -10.8923066818221 2.414471502530979 0.007641781389555755 -0.015569111436293538 -0.28432854032135346 0.9585700220145669
1732437243.773196 73.62063453770844 -11.063332331750077 2.4158033667643544 0.007652072156825006 -0.015424197636238238 -0.28692166366944444 0.9577992998724436
1732437243.806529 73.77097519403931 -11.26543679329508 2.4084866824291877 0.007786631367029514 -0.015386903662769397 -0.2893898646763975 0.9570559637712954
1732437243.839863 73.93467523269527 -11.376786207609802 2.408664515461075 0.0077628097581631805 -0.015442580558908348 -0.29226386108767266 0.9561815209427893
1732437243.873196 74.0825691821672 -11.582583589658107 2.3970236938230642 0.00795493002605194 -0.01557195153955422 -0.2945384713001777 0.9554796294729077
1732437243.906529 74.22971162648703 -11.763298529307828 2.384348265425689 0.008247650550771929 -0.01569942315276072 -0.2969979364689446 0.954713428263294
1732437243.939862 74.38211563523468 -11.934510692024938 2.371898236303649 0.008448220585662098 -0.015825013957442218 -0.2996264687262075 0.95388792619513
1732437243.973196 74.53754938264858 -12.08438053499304 2.3613274125980626 0.008679367240816992 -0.015931496906299678 -0.3021985359580781 0.9530723481747951
1732437244.006529 74.68578477759644 -12.27140880799472 2.3531918897730892 0.0090020376709492 -0.016166833808037823 -0.3045137070430455 0.9523281992177361
1732437244.039862 74.83941215246931 -12.43790451585301 2.3412059018460023 0.00922475689327118 -0.016393289685046695 -0.30723344430254396 0.9514482511495609
1732437244.073196 74.98830771447078 -12.615329256058617 2.320765947662773 0.00937617756730207 -0.01651466815404917 -0.3096872046658894 0.9506488249065559
1732437244.106529 75.12312901998091 -12.84181974799584 2.3252853276899965 0.009574305454187271 -0.016452247174883826 -0.31193903591522537 0.9499114138224922
1732437244.139862 75.28852346451984 -12.974988004296781 2.3237427382835056 0.009634585439578602 -0.016506972351300928 -0.31480469682289225 0.9489640127451872
1732437244.173196 75.42146240610333 -13.173578314729532 2.271666139218007 0.009555759767659863 -0.016922340220843397 -0.3172088523900562 0.9481565618726141
1732437244.206529 75.55811968146287 -13.38581019654741 2.2627527375207674 0.00953566807876644 -0.016762903736546063 -0.3195986856259953 0.9473567206911804
1732437244.239862 75.70324746871965 -13.555201725174237 2.2444873987523173 0.009504565226580617 -0.016775091742067472 -0.3222895516654358 0.9464447709318232
1732437244.273196 75.85884534806833 -13.745673249295548 2.234237942434543 0.009376745738360559 -0.016693456391227136 -0.32497488084985326 0.9455288107560214
1732437244.306529 75.96353420148753 -13.982958703712177 2.2110382755214757 0.009567392308786515 -0.016773119050720743 -0.3272523480337311 0.9447396615936742
1732437244.339862 76.11572128745796 -14.165135308969916 2.199107599506295 0.009856511374862724 -0.016754386364826797 -0.3303289793820214 0.9436656744321517
1732437244.373195 76.28389083304894 -14.336454526255856 2.189067594835214 0.010054490831184848 -0.01671812343766796 -0.3332459187512402 0.9426380902544148
1732437244.406529 76.40055491462213 -14.596851614869424 2.1946864825435495 0.01032611808525927 -0.016574215404158547 -0.3356678053044439 0.9417779946203477
1732437244.439862 76.55750583555152 -14.813553895813884 2.198292178791833 0.0104930995418766 -0.01656703250133353 -0.33852151708756334 0.9407542775692485
1732437244.473195 76.72110819239839 -14.982186887874096 2.190637646725863 0.010787981759473195 -0.01682025277318424 -0.3414949293609916 0.9396711721484994
1732437244.506529 76.87856356851763 -15.202948097304644 2.1893982228236837 0.010932675250075062 -0.01672663463773818 -0.3441997850456606 0.9386837615939103
1732437244.539862 77.0225152193893 -15.43624614511371 2.1626552841085243 0.01137420083340167 -0.016922903178958896 -0.34702105981650666 0.93763565789022
1732437244.573195 77.18871596984344 -15.665523423375914 2.1600897210478953 0.011835868888107583 -0.01665092369023474 -0.3500138002812057 0.9365217555191303
1732437244.606529 77.30886288542332 -15.889157592033184 2.147013696899277 0.012227043850632287 -0.016591841803690603 -0.35287784810650497 0.9354423736927671
1732437244.639862 77.45192620960971 -16.106663065795356 2.1446419834122867 0.01264488972810832 -0.016449318104132634 -0.35596483476329954 0.9342689993302837
1732437244.673195 77.62246392592266 -16.31368741957654 2.148195786033347 0.01284954413113068 -0.016249176102798173 -0.35916363235221876 0.9330446606069629
1732437244.706528 77.77107850233493 -16.563202185426054 2.1403388789076048 0.012992923027333238 -0.016229224442411046 -0.36239790157205715 0.931791584616095
1732437244.739862 77.91277758962431 -16.810767594284762 2.1307947817453146 0.012927594948193507 -0.016225433493696446 -0.3655962977009598 0.9305422933452021
1732437244.773195 78.06807992130572 -17.077895684945712 2.123147501318347 0.012870420130501449 -0.016325466059508662 -0.3688690377902878 0.9292488710799016
1732437244.806528 78.21226943045514 -17.320789226000105 2.1128850506683485 0.012929317915315267 -0.016525990960573726 -0.3720408228190304 0.9279791756915424
1732437244.839862 78.35774900009861 -17.5503472683923 2.094619249879659 0.01313633967796001 -0.01680385408431532 -0.37527380008197014 0.9266685718420669
1732437244.873195 78.50870673468141 -17.80945749453179 2.0662669832812504 0.013308034512175666 -0.016767498312115596 -0.37872411860814825 0.9252620111094247
1732437244.906528 78.67019298559256 -18.055339452284542 2.081785474710708 0.01373699937885318 -0.0162257363288691 -0.3823107079894127 0.9237892307692732
1732437244.939862 78.82301275804608 -18.318791794069092 2.0816701696199926 0.014186806624921822 -0.015947871541522753 -0.3857856730011694 0.92234148471058
1732437244.973195 78.97268253734562 -18.58928394752204 2.070162232836388 0.014487464751629757 -0.01594061599417594 -0.38920310849699125 0.9209000762640188
1732437245.006528 79.13544976150874 -18.86114417213023 2.090039553356047 0.014926280275987561 -0.01575758083221696 -0.39285871767184927 0.9193426634028626
1732437245.039861 79.28095873084739 -19.122775801335102 2.0745470184840853 0.01507011355745412 -0.015889978497484872 -0.3965238766419002 0.9177631587253838
1732437245.073195 79.42059655130619 -19.40230596811579 2.0681666776171457 0.015190064732647026 -0.016008678638274945 -0.40021869582418435 0.9161539060957299
1732437245.106528 79.5827991784842 -19.67920658675529 2.045686293155714 0.015233526281203051 -0.01616761065688664 -0.404079143528219 0.9144542600962544
1732437245.139861 79.7393236676253 -19.9582310898586 2.0511364299155037 0.015591207732780906 -0.016171343387286017 -0.40796030951640216 0.9127232810407352
1732437245.173195 79.87900790470539 -20.261337319072982 2.0452087887993193 0.015800965878389125 -0.01640038953917541 -0.4117907887571223 0.9109937996468804
1732437245.206528 80.0344027424269 -20.548707884968767 2.0357688344284877 0.016010925711699587 -0.016689060559572814 -0.41574546467375234 0.9091869082420286
1732437245.239861 80.18208479956816 -20.839127292469982 2.0244447017845735 0.0163218824689529 -0.017135017972748395 -0.41960654033986194 0.90739756370389
1732437245.273195 80.33402350432486 -21.105135089047614 2.0024088645618328 0.016258922550490915 -0.017609801218151862 -0.423624270682811 0.9055208554346006
1732437245.306528 80.46643645565683 -21.422554779662256 1.9838499858698657 0.016313752200988477 -0.01785530334059073 -0.4275151214864798 0.9036846078871438
1732437245.339861 80.61474727280748 -21.731670473612652 1.9596729751389315 0.0164389380994444 -0.017960951095012216 -0.4315713810545089 0.9017501364594459
1732437245.373194 80.73448456193512 -22.057085601107556 1.9864852911627044 0.016921946538153373 -0.017396303503926295 -0.4357593653026758 0.8997359567677443
1732437245.406528 80.85965150239515 -22.36879394401712 1.9873129373740928 0.017151512695469114 -0.01704761652336162 -0.43986238140368106 0.8977395445278169
1732437245.439861 80.9952379999843 -22.70818202185518 2.000794397900491 0.01738435318836898 -0.016805497087678728 -0.44400626615374594 0.8956973792236231
1732437245.473194 81.12630265807265 -23.028686753236386 1.9858551208917787 0.01738062030127189 -0.017107455356775506 -0.4480218524446985 0.8936899175559606
1732437245.506528 81.2530900815781 -23.334350783159305 1.964791453276797 0.017453246378617747 -0.01719427982253182 -0.4523466086553481 0.8915056290176957
1732437245.539861 81.37255417127913 -23.674823642570693 1.9831613698707344 0.017599589357768307 -0.01681109123418477 -0.45659453353600243 0.8893419328981369
