1732437230.398371696 0.00000 0.00000 0.00000 -0.00819 -0.03207 -0.00026 0.99945
1732437230.408371925 0.00000 0.00000 0.00000 -0.00819 -0.03207 -0.00026 0.99945
1732437230.418371677 0.00000 0.00000 0.00000 -0.00819 -0.03207 -0.00026 0.99945
1732437230.428371668 0.00000 0.00000 0.00000 -0.00819 -0.03207 -0.00026 0.99945
1732437230.438371658 0.00001 -0.00000 0.00000 -0.00819 -0.03207 -0.00026 0.99945
1732437230.448371887 0.00009 -0.00000 0.00002 -0.00819 -0.03207 -0.00026 0.99945
1732437230.458371639 0.00030 -0.00001 0.00006 -0.00818 -0.03206 -0.00027 0.99945
1732437230.468371630 0.00071 -0.00002 0.00014 -0.00817 -0.03206 -0.00027 0.99945
1732437230.478371620 0.00140 -0.00004 0.00028 -0.00815 -0.03205 -0.00028 0.99945
1732437230.488371849 0.00241 -0.00006 0.00048 -0.00811 -0.03204 -0.00029 0.99945
1732437230.498371601 0.00383 -0.00010 0.00076 -0.00806 -0.03203 -0.00030 0.99945
1732437230.508371592 0.00572 -0.00015 0.00113 -0.00800 -0.03201 -0.00032 0.99946
1732437230.518371582 0.00814 -0.00022 0.00162 -0.00791 -0.03198 -0.00034 0.99946
1732437230.528371811 0.01117 -0.00030 0.00222 -0.00781 -0.03195 -0.00037 0.99946
1732437230.538371801 0.01484 -0.00039 0.00294 -0.00768 -0.03191 -0.00040 0.99946
1732437230.548371553 0.01910 -0.00050 0.00377 -0.00754 -0.03187 -0.00044 0.99946
1732437230.558371782 0.02388 -0.00061 0.00468 -0.00739 -0.03181 -0.00049 0.99947
1732437230.568371773 0.02910 -0.00071 0.00563 -0.00724 -0.03174 -0.00053 0.99947
1732437230.578371763 0.03468 -0.00080 0.00660 -0.00711 -0.03165 -0.00058 0.99947
1732437230.588371515 0.04055 -0.00087 0.00755 -0.00698 -0.03155 -0.00063 0.99948
1732437230.598371744 0.04662 -0.00091 0.00847 -0.00689 -0.03143 -0.00067 0.99948
1732437230.608371735 0.05282 -0.00091 0.00932 -0.00683 -0.03129 -0.00072 0.99949
1732437230.618371725 0.05908 -0.00087 0.01006 -0.00680 -0.03112 -0.00075 0.99949
1732437230.628371477 0.06531 -0.00078 0.01068 -0.00683 -0.03093 -0.00079 0.99950
1732437230.638371706 0.07145 -0.00063 0.01116 -0.00691 -0.03072 -0.00082 0.99950
1732437230.648371935 0.07751 -0.00043 0.01149 -0.00704 -0.03049 -0.00084 0.99951
1732437230.658371687 0.08350 -0.00020 0.01171 -0.00719 -0.03024 -0.00086 0.99952
1732437230.668371677 0.08943 0.00005 0.01183 -0.00737 -0.02998 -0.00088 0.99952
1732437230.678371668 0.09532 0.00031 0.01187 -0.00755 -0.02972 -0.00090 0.99953
1732437230.688371897 0.10118 0.00056 0.01185 -0.00773 -0.02946 -0.00093 0.99954
1732437230.698371649 0.10703 0.00079 0.01180 -0.00788 -0.02921 -0.00095 0.99954
1732437230.708371639 0.11288 0.00098 0.01172 -0.00800 -0.02898 -0.00099 0.99955
1732437230.718371630 0.11875 0.00113 0.01165 -0.00808 -0.02877 -0.00102 0.99955
1732437230.728371859 0.12466 0.00122 0.01159 -0.00810 -0.02858 -0.00107 0.99956
1732437230.738371611 0.13061 0.00125 0.01157 -0.00805 -0.02843 -0.00113 0.99956
1732437230.748371601 0.13660 0.00121 0.01159 -0.00794 -0.02831 -0.00119 0.99957
1732437230.758371592 0.14262 0.00113 0.01163 -0.00779 -0.02821 -0.00126 0.99957
1732437230.768371820 0.14867 0.00102 0.01169 -0.00760 -0.02814 -0.00134 0.99957
1732437230.778371811 0.15473 0.00090 0.01178 -0.00740 -0.02808 -0.00142 0.99958
1732437230.788371563 0.16081 0.00078 0.01187 -0.00718 -0.02805 -0.00149 0.99958
1732437230.798371792 0.16690 0.00068 0.01196 -0.00697 -0.02802 -0.00157 0.99958
1732437230.808371782 0.17298 0.00061 0.01206 -0.00677 -0.02801 -0.00164 0.99958
1732437230.818371773 0.17905 0.00059 0.01214 -0.00660 -0.02800 -0.00171 0.99958
1732437230.828371525 0.18510 0.00064 0.01222 -0.00647 -0.02799 -0.00176 0.99959
1732437230.838371754 0.19113 0.00076 0.01227 -0.00640 -0.02799 -0.00181 0.99959
1732437230.848371744 0.19715 0.00095 0.01231 -0.00637 -0.02799 -0.00184 0.99959
1732437230.858371735 0.20315 0.00120 0.01233 -0.00637 -0.02798 -0.00187 0.99959
1732437230.868371487 0.20915 0.00150 0.01234 -0.00641 -0.02798 -0.00190 0.99959
1732437230.878371716 0.21514 0.00184 0.01233 -0.00648 -0.02798 -0.00192 0.99959
1732437230.888371706 0.22114 0.00221 0.01230 -0.00655 -0.02798 -0.00194 0.99959
1732437230.898371696 0.22716 0.00261 0.01227 -0.00664 -0.02798 -0.00195 0.99958
1732437230.908371449 0.23319 0.00301 0.01222 -0.00673 -0.02798 -0.00197 0.99958
1732437230.918371677 0.23925 0.00341 0.01216 -0.00682 -0.02798 -0.00199 0.99958
1732437230.928371906 0.24534 0.00380 0.01209 -0.00689 -0.02799 -0.00201 0.99958
1732437230.938371658 0.25146 0.00418 0.01201 -0.00694 -0.02799 -0.00204 0.99958
1732437230.948371649 0.25761 0.00454 0.01192 -0.00698 -0.02800 -0.00208 0.99958
1732437230.958371639 0.26378 0.00487 0.01184 -0.00699 -0.02801 -0.00212 0.99958
1732437230.968371868 0.26996 0.00519 0.01176 -0.00699 -0.02801 -0.00217 0.99958
1732437230.978371620 0.27614 0.00549 0.01169 -0.00698 -0.02801 -0.00222 0.99958
1732437230.988371611 0.28230 0.00576 0.01162 -0.00695 -0.02801 -0.00227 0.99958
1732437230.998371601 0.28845 0.00602 0.01158 -0.00691 -0.02800 -0.00233 0.99958
1732437231.008371830 0.29458 0.00625 0.01155 -0.00687 -0.02798 -0.00240 0.99958
1732437231.018371582 0.30066 0.00646 0.01155 -0.00681 -0.02795 -0.00247 0.99958
1732437231.028371572 0.30670 0.00664 0.01157 -0.00674 -0.02791 -0.00255 0.99958
1732437231.038371801 0.31268 0.00680 0.01163 -0.00667 -0.02785 -0.00263 0.99959
1732437231.048371792 0.31862 0.00695 0.01171 -0.00660 -0.02779 -0.00272 0.99959
1732437231.058371782 0.32450 0.00709 0.01182 -0.00653 -0.02771 -0.00281 0.99959
1732437231.068371534 0.33034 0.00722 0.01196 -0.00646 -0.02763 -0.00291 0.99959
1732437231.078371763 0.33614 0.00736 0.01212 -0.00640 -0.02753 -0.00301 0.99960
1732437231.088371754 0.34190 0.00750 0.01230 -0.00635 -0.02743 -0.00312 0.99960
1732437231.098371744 0.34762 0.00767 0.01249 -0.00631 -0.02733 -0.00324 0.99960
1732437231.108371496 0.35332 0.00785 0.01270 -0.00629 -0.02722 -0.00336 0.99960
1732437231.118371725 0.35899 0.00807 0.01292 -0.00629 -0.02712 -0.00348 0.99961
1732437231.128371716 0.36463 0.00832 0.01315 -0.00632 -0.02701 -0.00362 0.99961
1732437231.138371706 0.37025 0.00862 0.01338 -0.00637 -0.02690 -0.00376 0.99961
1732437231.148371458 0.37585 0.00895 0.01363 -0.00644 -0.02679 -0.00390 0.99961
1732437231.158371687 0.38144 0.00930 0.01388 -0.00653 -0.02669 -0.00403 0.99961
1732437231.168371916 0.38701 0.00968 0.01414 -0.00662 -0.02660 -0.00416 0.99962
1732437231.178371668 0.39256 0.01006 0.01440 -0.00672 -0.02652 -0.00428 0.99962
1732437231.188371658 0.39810 0.01044 0.01468 -0.00681 -0.02644 -0.00438 0.99962
1732437231.198371649 0.40363 0.01082 0.01496 -0.00690 -0.02639 -0.00447 0.99962
1732437231.208371878 0.40914 0.01118 0.01525 -0.00697 -0.02634 -0.00452 0.99962
1732437231.218371630 0.41464 0.01151 0.01555 -0.00702 -0.02632 -0.00455 0.99962
1732437231.228371620 0.42014 0.01180 0.01585 -0.00704 -0.02631 -0.00454 0.99962
1732437231.238371611 0.42562 0.01206 0.01617 -0.00703 -0.02633 -0.00449 0.99962
1732437231.248371840 0.43110 0.01228 0.01649 -0.00699 -0.02636 -0.00441 0.99962
1732437231.258371592 0.43656 0.01247 0.01681 -0.00693 -0.02640 -0.00431 0.99962
1732437231.268371582 0.44202 0.01264 0.01714 -0.00685 -0.02645 -0.00419 0.99962
1732437231.278371811 0.44746 0.01279 0.01746 -0.00676 -0.02651 -0.00407 0.99962
1732437231.288371801 0.45289 0.01293 0.01777 -0.00666 -0.02657 -0.00396 0.99962
1732437231.298371792 0.45830 0.01307 0.01807 -0.00657 -0.02662 -0.00385 0.99962
1732437231.308371544 0.46370 0.01322 0.01836 -0.00647 -0.02666 -0.00376 0.99962
1732437231.318371773 0.46908 0.01338 0.01864 -0.00639 -0.02669 -0.00370 0.99962
1732437231.328371763 0.47444 0.01356 0.01889 -0.00632 -0.02670 -0.00367 0.99962
1732437231.338371754 0.47978 0.01377 0.01912 -0.00627 -0.02669 -0.00369 0.99962
1732437231.348371506 0.48511 0.01399 0.01933 -0.00624 -0.02666 -0.00374 0.99962
1732437231.358371735 0.49043 0.01423 0.01953 -0.00623 -0.02662 -0.00382 0.99962
1732437231.368371725 0.49573 0.01448 0.01971 -0.00624 -0.02657 -0.00392 0.99962
1732437231.378371716 0.50104 0.01474 0.01987 -0.00625 -0.02652 -0.00403 0.99962
1732437231.388371468 0.50634 0.01500 0.02002 -0.00628 -0.02648 -0.00414 0.99962
1732437231.398371696 0.51165 0.01526 0.02016 -0.00631 -0.02644 -0.00424 0.99962
1732437231.408371925 0.51696 0.01550 0.02030 -0.00635 -0.02642 -0.00433 0.99962
1732437231.418371677 0.52229 0.01573 0.02042 -0.00640 -0.02642 -0.00439 0.99962
1732437231.428371668 0.52763 0.01594 0.02055 -0.00645 -0.02644 -0.00442 0.99962
1732437231.438371658 0.53298 0.01613 0.02067 -0.00649 -0.02650 -0.00442 0.99962
1732437231.448371887 0.53836 0.01628 0.02079 -0.00654 -0.02657 -0.00438 0.99962
1732437231.458371639 0.54374 0.01641 0.02090 -0.00659 -0.02667 -0.00431 0.99961
1732437231.468371630 0.54914 0.01650 0.02101 -0.00664 -0.02678 -0.00422 0.99961
1732437231.478371620 0.55454 0.01655 0.02110 -0.00668 -0.02691 -0.00412 0.99961
1732437231.488371849 0.55995 0.01656 0.02119 -0.00673 -0.02703 -0.00402 0.99960
1732437231.498371601 0.56536 0.01652 0.02127 -0.00677 -0.02715 -0.00391 0.99960
1732437231.508371592 0.57078 0.01644 0.02133 -0.00681 -0.02727 -0.00382 0.99960
1732437231.518371582 0.57619 0.01630 0.02138 -0.00685 -0.02737 -0.00374 0.99959
1732437231.528371811 0.58159 0.01611 0.02141 -0.00688 -0.02746 -0.00369 0.99959
1732437231.538371801 0.58699 0.01585 0.02143 -0.00691 -0.02752 -0.00366 0.99959
1732437231.548371553 0.59238 0.01555 0.02143 -0.00694 -0.02757 -0.00366 0.99959
1732437231.558371782 0.59774 0.01521 0.02142 -0.00697 -0.02761 -0.00368 0.99959
1732437231.568371773 0.60308 0.01484 0.02142 -0.00699 -0.02764 -0.00371 0.99959
1732437231.578371763 0.60839 0.01445 0.02141 -0.00701 -0.02766 -0.00375 0.99959
1732437231.588371515 0.61365 0.01405 0.02141 -0.00704 -0.02770 -0.00379 0.99958
1732437231.598371744 0.61888 0.01365 0.02143 -0.00706 -0.02775 -0.00382 0.99958
1732437231.608371735 0.62405 0.01326 0.02147 -0.00708 -0.02781 -0.00385 0.99958
1732437231.618371725 0.62917 0.01289 0.02152 -0.00710 -0.02789 -0.00386 0.99958
1732437231.628371477 0.63423 0.01255 0.02161 -0.00712 -0.02801 -0.00385 0.99957
1732437231.638371706 0.63921 0.01225 0.02173 -0.00714 -0.02816 -0.00381 0.99957
1732437231.648371935 0.64414 0.01198 0.02188 -0.00716 -0.02833 -0.00375 0.99957
1732437231.658371687 0.64901 0.01175 0.02205 -0.00717 -0.02852 -0.00368 0.99956
1732437231.668371677 0.65383 0.01154 0.02223 -0.00719 -0.02872 -0.00358 0.99956
1732437231.678371668 0.65861 0.01136 0.02242 -0.00720 -0.02893 -0.00348 0.99955
1732437231.688371897 0.66335 0.01120 0.02262 -0.00721 -0.02913 -0.00338 0.99954
1732437231.698371649 0.66807 0.01106 0.02282 -0.00722 -0.02932 -0.00327 0.99954
1732437231.708371639 0.67276 0.01094 0.02301 -0.00721 -0.02948 -0.00316 0.99953
1732437231.718371630 0.67744 0.01083 0.02318 -0.00720 -0.02962 -0.00306 0.99953
1732437231.728371859 0.68211 0.01073 0.02333 -0.00718 -0.02973 -0.00298 0.99953
1732437231.738371611 0.68677 0.01063 0.02346 -0.00715 -0.02979 -0.00290 0.99953
1732437231.748371601 0.69143 0.01054 0.02356 -0.00711 -0.02981 -0.00285 0.99953
1732437231.758371592 0.69608 0.01046 0.02365 -0.00707 -0.02980 -0.00280 0.99953
1732437231.768371820 0.70072 0.01039 0.02373 -0.00702 -0.02977 -0.00277 0.99953
1732437231.778371811 0.70534 0.01034 0.02379 -0.00697 -0.02973 -0.00275 0.99953
1732437231.788371563 0.70993 0.01030 0.02386 -0.00691 -0.02967 -0.00274 0.99953
1732437231.798371792 0.71451 0.01028 0.02393 -0.00686 -0.02961 -0.00274 0.99953
1732437231.808371782 0.71906 0.01027 0.02400 -0.00680 -0.02955 -0.00274 0.99954
1732437231.818371773 0.72357 0.01029 0.02408 -0.00675 -0.02951 -0.00276 0.99954
1732437231.828371525 0.72805 0.01033 0.02419 -0.00671 -0.02948 -0.00277 0.99954
1732437231.838371754 0.73249 0.01040 0.02431 -0.00667 -0.02947 -0.00280 0.99954
1732437231.848371744 0.73690 0.01049 0.02445 -0.00663 -0.02948 -0.00282 0.99954
1732437231.858371735 0.74127 0.01060 0.02461 -0.00660 -0.02951 -0.00285 0.99954
1732437231.868371487 0.74560 0.01073 0.02478 -0.00658 -0.02955 -0.00288 0.99954
1732437231.878371716 0.74990 0.01087 0.02497 -0.00656 -0.02960 -0.00292 0.99954
1732437231.888371706 0.75418 0.01103 0.02518 -0.00654 -0.02965 -0.00295 0.99953
1732437231.898371696 0.75842 0.01119 0.02539 -0.00653 -0.02970 -0.00299 0.99953
1732437231.908371449 0.76264 0.01137 0.02562 -0.00652 -0.02975 -0.00303 0.99953
1732437231.918371677 0.76684 0.01155 0.02585 -0.00652 -0.02978 -0.00307 0.99953
1732437231.928371906 0.77101 0.01174 0.02610 -0.00652 -0.02981 -0.00310 0.99953
1732437231.938371658 0.77516 0.01193 0.02635 -0.00653 -0.02982 -0.00314 0.99953
1732437231.948371649 0.77929 0.01211 0.02660 -0.00654 -0.02982 -0.00318 0.99953
1732437231.958371639 0.78340 0.01229 0.02686 -0.00655 -0.02980 -0.00321 0.99953
1732437231.968371868 0.78748 0.01245 0.02712 -0.00656 -0.02978 -0.00324 0.99953
1732437231.978371620 0.79154 0.01260 0.02739 -0.00657 -0.02975 -0.00327 0.99953
1732437231.988371611 0.79557 0.01273 0.02766 -0.00657 -0.02972 -0.00330 0.99953
1732437231.998371601 0.79957 0.01284 0.02792 -0.00658 -0.02968 -0.00333 0.99953
1732437232.008371830 0.80355 0.01292 0.02819 -0.00658 -0.02965 -0.00335 0.99953
1732437232.018371582 0.80749 0.01297 0.02845 -0.00658 -0.02963 -0.00337 0.99953
1732437232.028371572 0.81141 0.01298 0.02872 -0.00657 -0.02960 -0.00338 0.99953
1732437232.038371801 0.81529 0.01295 0.02898 -0.00655 -0.02959 -0.00339 0.99953
1732437232.048371792 0.81915 0.01289 0.02923 -0.00653 -0.02959 -0.00340 0.99954
1732437232.058371782 0.82298 0.01280 0.02947 -0.00651 -0.02959 -0.00341 0.99954
1732437232.068371534 0.82679 0.01269 0.02970 -0.00648 -0.02959 -0.00340 0.99954
1732437232.078371763 0.83059 0.01256 0.02992 -0.00645 -0.02958 -0.00340 0.99954
1732437232.088371754 0.83436 0.01242 0.03011 -0.00642 -0.02957 -0.00339 0.99954
1732437232.098371744 0.83813 0.01228 0.03029 -0.00639 -0.02956 -0.00338 0.99954
1732437232.108371496 0.84189 0.01213 0.03044 -0.00636 -0.02953 -0.00336 0.99954
1732437232.118371725 0.84565 0.01200 0.03056 -0.00633 -0.02949 -0.00334 0.99954
1732437232.128371716 0.84941 0.01187 0.03066 -0.00631 -0.02943 -0.00331 0.99954
1732437232.138371706 0.85317 0.01176 0.03072 -0.00630 -0.02935 -0.00328 0.99954
1732437232.148371458 0.85693 0.01167 0.03075 -0.00629 -0.02926 -0.00325 0.99955
1732437232.158371687 0.86069 0.01160 0.03075 -0.00629 -0.02916 -0.00322 0.99955
1732437232.168371916 0.86445 0.01155 0.03072 -0.00630 -0.02905 -0.00319 0.99955
1732437232.178371668 0.86822 0.01150 0.03067 -0.00631 -0.02894 -0.00316 0.99956
1732437232.188371658 0.87197 0.01148 0.03060 -0.00632 -0.02884 -0.00314 0.99956
1732437232.198371649 0.87573 0.01146 0.03051 -0.00635 -0.02874 -0.00313 0.99956
1732437232.208371878 0.87948 0.01146 0.03040 -0.00638 -0.02865 -0.00312 0.99956
1732437232.218371630 0.88322 0.01147 0.03028 -0.00642 -0.02858 -0.00313 0.99957
1732437232.228371620 0.88696 0.01149 0.03015 -0.00646 -0.02854 -0.00315 0.99957
1732437232.238371611 0.89068 0.01153 0.03001 -0.00651 -0.02852 -0.00319 0.99957
1732437232.248371840 0.89440 0.01156 0.02986 -0.00657 -0.02852 -0.00323 0.99957
1732437232.258371592 0.89811 0.01160 0.02972 -0.00663 -0.02854 -0.00329 0.99957
1732437232.268371582 0.90182 0.01164 0.02958 -0.00670 -0.02858 -0.00335 0.99956
1732437232.278371811 0.90551 0.01167 0.02945 -0.00677 -0.02864 -0.00341 0.99956
1732437232.288371801 0.90920 0.01168 0.02933 -0.00684 -0.02870 -0.00347 0.99956
1732437232.298371792 0.91288 0.01168 0.02924 -0.00692 -0.02877 -0.00353 0.99956
1732437232.308371544 0.91656 0.01166 0.02917 -0.00699 -0.02884 -0.00357 0.99955
1732437232.318371773 0.92023 0.01161 0.02913 -0.00707 -0.02892 -0.00361 0.99955
1732437232.328371763 0.92389 0.01154 0.02913 -0.00714 -0.02899 -0.00363 0.99955
1732437232.338371754 0.92755 0.01143 0.02916 -0.00721 -0.02905 -0.00364 0.99955
1732437232.348371506 0.93120 0.01129 0.02923 -0.00728 -0.02911 -0.00363 0.99954
1732437232.358371735 0.93485 0.01113 0.02933 -0.00734 -0.02916 -0.00361 0.99954
1732437232.368371725 0.93850 0.01094 0.02946 -0.00740 -0.02921 -0.00358 0.99954
1732437232.378371716 0.94215 0.01074 0.02961 -0.00746 -0.02925 -0.00355 0.99954
1732437232.388371468 0.94580 0.01053 0.02977 -0.00751 -0.02929 -0.00351 0.99954
1732437232.398371696 0.94945 0.01032 0.02995 -0.00755 -0.02932 -0.00347 0.99954
1732437232.408371925 0.95311 0.01010 0.03013 -0.00759 -0.02934 -0.00344 0.99953
1732437232.418371677 0.95677 0.00989 0.03031 -0.00761 -0.02937 -0.00342 0.99953
1732437232.428371668 0.96044 0.00968 0.03049 -0.00763 -0.02939 -0.00341 0.99953
1732437232.438371658 0.96412 0.00949 0.03066 -0.00764 -0.02940 -0.00341 0.99953
1732437232.448371887 0.96781 0.00931 0.03083 -0.00764 -0.02942 -0.00342 0.99953
1732437232.458371639 0.97150 0.00915 0.03098 -0.00763 -0.02943 -0.00345 0.99953
1732437232.468371630 0.97519 0.00901 0.03113 -0.00762 -0.02944 -0.00348 0.99953
1732437232.478371620 0.97888 0.00889 0.03128 -0.00760 -0.02945 -0.00352 0.99953
1732437232.488371849 0.98257 0.00880 0.03142 -0.00758 -0.02946 -0.00356 0.99953
1732437232.498371601 0.98626 0.00874 0.03155 -0.00756 -0.02947 -0.00361 0.99953
1732437232.508371592 0.98994 0.00870 0.03169 -0.00754 -0.02948 -0.00365 0.99953
1732437232.518371582 0.99361 0.00870 0.03182 -0.00753 -0.02949 -0.00370 0.99953
1732437232.528371811 0.99727 0.00873 0.03195 -0.00751 -0.02950 -0.00374 0.99953
1732437232.538371801 1.00093 0.00879 0.03208 -0.00750 -0.02952 -0.00378 0.99953
1732437232.548371553 1.00457 0.00889 0.03221 -0.00749 -0.02954 -0.00381 0.99953
1732437232.558371782 1.00820 0.00901 0.03235 -0.00749 -0.02956 -0.00384 0.99953
1732437232.568371773 1.01184 0.00916 0.03249 -0.00749 -0.02958 -0.00386 0.99953
1732437232.578371763 1.01547 0.00931 0.03264 -0.00750 -0.02960 -0.00388 0.99953
1732437232.588371515 1.01911 0.00948 0.03281 -0.00750 -0.02962 -0.00390 0.99953
1732437232.598371744 1.02275 0.00965 0.03299 -0.00751 -0.02965 -0.00391 0.99952
1732437232.608371735 1.02641 0.00982 0.03319 -0.00752 -0.02967 -0.00393 0.99952
1732437232.618371725 1.03007 0.00998 0.03341 -0.00754 -0.02969 -0.00394 0.99952
1732437232.628371477 1.03376 0.01013 0.03365 -0.00755 -0.02972 -0.00394 0.99952
1732437232.638371706 1.03746 0.01027 0.03392 -0.00756 -0.02974 -0.00395 0.99952
1732437232.648371935 1.04118 0.01038 0.03421 -0.00758 -0.02975 -0.00395 0.99952
1732437232.658371687 1.04492 0.01046 0.03451 -0.00759 -0.02977 -0.00396 0.99952
1732437232.668371677 1.04868 0.01052 0.03483 -0.00761 -0.02978 -0.00396 0.99952
1732437232.678371668 1.05245 0.01055 0.03516 -0.00763 -0.02979 -0.00396 0.99952
1732437232.688371897 1.05624 0.01054 0.03549 -0.00765 -0.02979 -0.00396 0.99952
1732437232.698371649 1.06004 0.01050 0.03583 -0.00767 -0.02979 -0.00396 0.99952
1732437232.708371639 1.06385 0.01042 0.03617 -0.00769 -0.02978 -0.00396 0.99952
1732437232.718371630 1.06768 0.01030 0.03650 -0.00772 -0.02977 -0.00395 0.99952
1732437232.728371859 1.07152 0.01013 0.03682 -0.00774 -0.02975 -0.00395 0.99952
1732437232.738371611 1.07537 0.00992 0.03713 -0.00777 -0.02972 -0.00395 0.99952
1732437232.748371601 1.07924 0.00967 0.03742 -0.00780 -0.02969 -0.00395 0.99952
1732437232.758371592 1.08312 0.00939 0.03771 -0.00783 -0.02966 -0.00394 0.99952
1732437232.768371820 1.08701 0.00910 0.03798 -0.00785 -0.02962 -0.00394 0.99952
1732437232.778371811 1.09091 0.00880 0.03824 -0.00788 -0.02958 -0.00394 0.99952
1732437232.788371563 1.09483 0.00850 0.03848 -0.00791 -0.02955 -0.00395 0.99952
1732437232.798371792 1.09877 0.00822 0.03871 -0.00793 -0.02952 -0.00395 0.99953
1732437232.808371782 1.10272 0.00796 0.03893 -0.00795 -0.02949 -0.00396 0.99953
1732437232.818371773 1.10669 0.00774 0.03914 -0.00796 -0.02947 -0.00397 0.99953
1732437232.828371525 1.11068 0.00756 0.03933 -0.00797 -0.02946 -0.00398 0.99953
1732437232.838371754 1.11469 0.00743 0.03952 -0.00798 -0.02946 -0.00400 0.99953
1732437232.848371744 1.11871 0.00736 0.03969 -0.00798 -0.02947 -0.00402 0.99953
1732437232.858371735 1.12276 0.00733 0.03985 -0.00798 -0.02948 -0.00405 0.99953
1732437232.868371487 1.12682 0.00735 0.04001 -0.00797 -0.02950 -0.00408 0.99952
1732437232.878371716 1.13091 0.00740 0.04016 -0.00796 -0.02953 -0.00411 0.99952
1732437232.888371706 1.13501 0.00748 0.04032 -0.00795 -0.02955 -0.00414 0.99952
1732437232.898371696 1.13913 0.00759 0.04047 -0.00794 -0.02958 -0.00418 0.99952
1732437232.908371449 1.14327 0.00772 0.04062 -0.00792 -0.02961 -0.00422 0.99952
1732437232.918371677 1.14742 0.00787 0.04079 -0.00790 -0.02963 -0.00427 0.99952
1732437232.928371906 1.15160 0.00803 0.04095 -0.00788 -0.02966 -0.00431 0.99952
1732437232.938371658 1.15579 0.00820 0.04113 -0.00786 -0.02967 -0.00436 0.99952
1732437232.948371649 1.16001 0.00837 0.04131 -0.00784 -0.02968 -0.00441 0.99952
1732437232.958371639 1.16425 0.00853 0.04150 -0.00782 -0.02969 -0.00446 0.99952
1732437232.968371868 1.16851 0.00867 0.04168 -0.00781 -0.02969 -0.00450 0.99952
1732437232.978371620 1.17281 0.00879 0.04187 -0.00779 -0.02969 -0.00455 0.99952
1732437232.988371611 1.17715 0.00889 0.04204 -0.00778 -0.02968 -0.00458 0.99952
1732437232.998371601 1.18152 0.00894 0.04221 -0.00777 -0.02967 -0.00462 0.99952
1732437233.008371830 1.18593 0.00895 0.04237 -0.00777 -0.02967 -0.00464 0.99952
1732437233.018371582 1.19039 0.00892 0.04251 -0.00777 -0.02966 -0.00465 0.99952
1732437233.028371572 1.19489 0.00882 0.04263 -0.00777 -0.02965 -0.00466 0.99952
1732437233.038371801 1.19945 0.00866 0.04273 -0.00778 -0.02964 -0.00465 0.99952
1732437233.048371792 1.20405 0.00844 0.04281 -0.00780 -0.02963 -0.00463 0.99952
1732437233.058371782 1.20868 0.00817 0.04288 -0.00782 -0.02962 -0.00461 0.99952
1732437233.068371534 1.21334 0.00787 0.04294 -0.00784 -0.02961 -0.00458 0.99952
1732437233.078371763 1.21802 0.00753 0.04298 -0.00786 -0.02961 -0.00454 0.99952
1732437233.088371754 1.22271 0.00718 0.04302 -0.00789 -0.02961 -0.00451 0.99952
1732437233.098371744 1.22740 0.00681 0.04305 -0.00791 -0.02961 -0.00447 0.99952
1732437233.108371496 1.23209 0.00644 0.04308 -0.00793 -0.02961 -0.00444 0.99952
1732437233.118371725 1.23677 0.00607 0.04310 -0.00794 -0.02962 -0.00441 0.99952
1732437233.128371716 1.24142 0.00572 0.04314 -0.00795 -0.02963 -0.00438 0.99952
1732437233.138371706 1.24604 0.00540 0.04317 -0.00795 -0.02965 -0.00437 0.99952
1732437233.148371458 1.25064 0.00509 0.04321 -0.00795 -0.02967 -0.00436 0.99952
1732437233.158371687 1.25521 0.00480 0.04326 -0.00795 -0.02970 -0.00436 0.99952
1732437233.168371916 1.25976 0.00453 0.04330 -0.00794 -0.02972 -0.00437 0.99952
1732437233.178371668 1.26430 0.00428 0.04336 -0.00793 -0.02974 -0.00438 0.99952
1732437233.188371658 1.26882 0.00404 0.04341 -0.00791 -0.02976 -0.00441 0.99952
1732437233.198371649 1.27332 0.00380 0.04346 -0.00790 -0.02978 -0.00444 0.99952
1732437233.208371878 1.27782 0.00358 0.04351 -0.00789 -0.02979 -0.00447 0.99952
1732437233.218371630 1.28232 0.00336 0.04357 -0.00787 -0.02979 -0.00452 0.99951
