DelayedMarginalization 0.000257251 1.09699e-08 0.000597561 88
DelayedMarginalizationOnly 1.53151e-05 2.59959e-11 3.3105e-05 88
EF-marginalizeFrame 0.000854737 8.17685e-08 0.00173115 88
FullSystem::trackNewCoarseNoIMU 0.0039825 9.9755e-06 0.0489185 982
FullSystemOptimize 0.0397682 8.60857e-05 0.0634873 94
IMUInitAddPose 3.79142e-05 2.6998e-10 0.000134375 258
IMUInitOptimize 0.0628907 0.00280438 0.161774 140
IMUInterpolator::addAccData 8.10978e-06 8.28751e-10 0.0026143 8690
IMUInterpolator::addGyrData 4.48807e-06 1.31671e-11 9.7987e-05 8690
IMUInterpolator::addImage 2.01884e-05 1.04025e-09 0.0011419 1256
InitializerFirstFrame 0.042677 -nan 0.042677 1
InitializerOtherFrames 0.0521646 0.0013942 0.124718 20
MainMarginalization 0.000550546 4.8053e-08 0.00122152 88
MarginalizeMainGraph 0.000240045 1.00564e-08 0.000568367 88
RealtimeCoarseIMUInitState::addPose 4.72044e-05 2.20706e-09 0.000258342 983
RealtimeCoarseIMUInitState::threadRun 0.0629451 0.00280836 0.161888 140
VisualMarginalization 4.68126e-05 2.70783e-10 0.000110768 88
activatePointsMT 0.00404559 1.22438e-06 0.006961 94
addActiveFrame 0.0330102 0.000543512 0.159418 1003
addIMUDataToBA 4.48137e-05 6.84267e-10 0.000334959 1002
addKeyframeToBA 9.84312e-06 3.20864e-10 0.000176209 94
afterCoarseTracking 0.0248584 0.000469714 0.111818 982
baIteration 0.00638698 3.59468e-06 0.0150749 496
baMatrixInversion 5.28049e-05 4.03056e-10 0.000137098 496
baUpdateBuildHessians 0.0002328 7.23193e-09 0.000693522 496
coarseTrackingIteration 4.77719e-05 4.35195e-09 0.00120748 36381
computeBAUpdate 0.000349053 1.31348e-08 0.000801706 496
convertHAndBFromDSO 0.000152069 7.7892e-09 0.000631992 766
debugPlot 1.42579e-06 9.80755e-14 2.375e-06 94
debugPlotIDepthMap 0.00371027 8.55634e-07 0.00763349 94
debugPlotIDepthMapFloat 1.43918e-06 8.7283e-14 2.375e-06 94
deliverTrackedFrame 4.74262e-05 1.68539e-06 0.0407079 983
flagFramesForMarginalization 3.82862e-06 9.34454e-13 7.124e-06 94
fullCoarseTracking 0.0289792 0.000499888 0.115081 982
initObjectsAndMakeImage 0.00349494 1.14183e-06 0.0101072 1003
makeKeyframe 0.103936 0.00102376 0.18797 94
makeKeyframeChangeTrackingRef 0.00717978 3.22896e-06 0.0131786 94
makeNewTraces 0.00676176 1.9561e-06 0.0105304 94
makeNonKeyframe 0.00274824 8.26532e-06 0.0162735 880
marginalizeAndRemovePoints 0.00447012 3.10776e-06 0.00918243 94
marginalizeFrame 0.0174713 0.000279002 0.0606196 88
marginalizeFrameOverhead 0.0166079 0.00027361 0.0593561 88
marginalizeFrames 0.0163659 0.000279513 0.0606325 94
newFrameAndNewResidualsForOldPoints 0.0011219 9.52022e-08 0.00263078 94
printEigenValLine 1.61974e-06 2.08813e-12 1.5086e-05 94
printLogLine 1.60104e-06 1.07639e-13 2.794e-06 94
publishInMakeKeyframe 0.0111403 0.00011047 0.0352754 94
removeOutliers 0.000300604 1.12889e-08 0.000603358 94
swapTrackingRef 0.000224531 5.94998e-07 0.00439301 94
timeMeasurement 5.58952e-06 2.73898e-12 2.668e-05 1003
traceNewCoarse 0.00281697 7.91946e-06 0.0162513 974
updateBAValues 1.16712e-05 1.98876e-10 0.000372183 847
zero 1.60034e-06 2.22905e-13 8.521e-06 1003
